33 35.7863 0.402 6272000 1024000 -1.04805 -116 36 -25 17 2
99 27.1444 2.013 10223616 1024000 1.22512 -234 78 -24 14 14
28 39.0657 1.359 11520000 1024000 -1.77995 -3 77 -12 6 15
107 37.0071 1.55 11796480 1024000 0.708879 -136 95 -56 5 9
49 26.1597 0.276 4172800 1024000 -0.373713 45 23 -11 4 3
46 15.4834 1.012 3894272 1024000 0.36611 39 14 -53 12 16
93 34.177 1.393 10223616 1024000 0.55429 -255 77 -35 7 9
52 28.1459 1.053 7223296 1024000 -0.00679567 -210 53 -48 10 19
57 36.4946 1.538 11578368 1024000 -0.0117533 -9 92 -35 18 4
69 35.3155 1.494 11010048 1024000 0.276609 -45 86 -21 17 6
89 33.6194 0.497 6291456 1024000 -0.0423258 83 47 -25 6 6
72 18.7688 0.174 2754560 1024000 -0.117884 -233 14 -8 12 12
37 30.6093 1.119 8108032 1024000 -0.552875 -243 57 -29 3 16
72 33.8819 1.321 9830400 1024000 0.279333 -4 74 -13 4 16
23 41.9118 1.328 12196864 1024000 -2.71786 -2 74 -41 9 6
41 32.206 2.067 12347392 1024000 -0.230637 48 92 -26 19 18
31 40.8131 1.538 12948480 1024000 -1.64874 7 93 -30 5 6
16 5.41763 0.512 1024000 1024000 0.0237187 -257 0 -55 8 11
81 32.1978 1.247 9043968 1024000 0.395148 -56 68 -42 2 0
15 52.696 1.451 16145408 1024000 -6.76098 -216 84 -28 18 16
93 19.1137 1.037 4867072 1024000 0.637722 -223 36 -10 9 6
10 47.6264 1.849 16961536 1024000 -11.0916 6 56 -17 8 12
102 32.7106 1.34 9568256 1024000 0.624314 -93 73 -11 18 17
59 26.8777 0.394 4683776 1024000 -0.211667 -198 33 -57 2 1
32 17.6221 4.821 12822528 1024000 1.76387 -251 95 -58 2 14
107 29.4392 1.137 7864320 1024000 0.576252 -141 59 -54 11 7
72 23.5902 0.307 3854336 1024000 -0.10142 -63 27 -1 12 16
67 19.5154 0.14 2781184 1024000 -0.176698 64 6 -20 17 12
55 29.6873 1.107 7819264 1024000 0.0223409 -245 58 -46 14 9
93 31.8873 1.236 8912896 1024000 0.504817 -22 67 -46 16 4
79 34.8639 1.406 10485760 1024000 0.393342 -259 80 -40 15 0
13 51.8688 1.739 17759232 1024000 -8.68348 -255 84 -42 14 1
76 18.0265 0.161 2616320 1024000 -0.101644 27 12 -42 11 14
44 31.675 1.199 8707072 1024000 -0.310766 -95 63 -43 18 8
93 10.5663 1.018 2665472 1024000 0.799334 -212 17 -30 9 9
51 24.5878 0.177 3617792 1024000 -0.364207 47 4 0 3 10
12 39.1877 1.831 13868032 1024000 -6.98606 -67 44 -48 8 3
20 43.5129 1.267 12331008 1024000 -3.43691 -21 68 -4 13 10
31 39.2911 0.47 7220224 1024000 -1.30697 -98 44 -1 16 7
73 28.2147 1.12 7477248 1024000 0.338536 -115 56 -32 2 3
103 12.625 0.09 1720320 1024000 -0.0374272 -226 4 0 8 13
64 31.7246 2.01 11936768 1024000 0.587026 -32 95 -55 5 0
48 31.6218 1.197 8684544 1024000 -0.183371 -16 64 -48 13 19
85 16.9066 0.141 2411520 1024000 -0.0754522 85 11 -47 15 1
30 34.2585 2.07 13147136 1024000 -1.27349 -203 90 -26 10 0
59 31.4963 1.212 8709120 1024000 0.0858083 -148 65 -20 1 6
77 17.6349 0.125 2480128 1024000 -0.120739 -37 3 -7 0 15
12 42.8709 1.84 15219712 1024000 -7.83643 -58 58 -49 5 7
19 43.0475 2.106 16713728 1024000 -4.60535 -187 98 -48 0 8
47 25.6943 0.243 3992576 1024000 -0.405105 -224 17 -41 17 12
72 27.2759 1.038 6948864 1024000 0.301672 -70 52 -54 13 4
37 18.4117 1.011 4628480 1024000 0.0566081 -183 11 -37 2 13
96 31.0996 0.416 5505024 1024000 -0.0215 -67 41 -19 7 17
74 33.981 0.483 6299648 1024000 -0.166493 -250 47 -4 6 7
31 31.4644 1.051 8067072 1024000 -0.934383 -192 53 -18 6 17
55 29.6531 0.358 5033984 1024000 -0.340295 -187 35 -26 2 4
59 33.1116 1.327 9631744 1024000 0.0815021 -23 72 -13 11 16
54 29.4867 0.369 5046272 1024000 -0.343963 59 35 -23 10 12
100 14.1279 0.119 1976320 1024000 -0.0317813 33 8 -34 11 19
19 0.0666298 8.221 76800 1024000 8.19016 42 63 -59 11 4
21 37.5406 1.071 9718784 1024000 -2.45988 17 54 -18 6 17
27 35.5109 1.161 9592832 1024000 -1.54965 35 60 -48 18 11
10 46.2507 1.955 17084416 1024000 -11.0794 16 61 -42 6 3
109 30.5629 2.122 11927552 1024000 1.28714 -82 90 -33 3 8
37 17.3191 1.013 4358144 1024000 0.114351 -124 8 -34 0 4
36 34.8456 0.406 6124544 1024000 -0.89196 -105 38 -11 7 12
21 40.9221 2.135 16036864 1024000 -3.69126 -196 95 -9 10 11
20 27.6802 1.01 6955008 1024000 -1.64313 -201 11 -33 0 3
44 15.6744 1.011 3940352 1024000 0.327761 -105 10 -50 3 18
76 18.1903 0.16 2637824 1024000 -0.104803 -159 13 -24 9 5
106 33.0804 0.458 6029312 1024000 0.0240377 72 45 -52 5 15
102 13.1134 0.11 1819648 1024000 -0.026106 54 7 -50 4 1
100 14.0326 0.098 1926144 1024000 -0.0489531 -224 3 -5 19 15
68 14.1352 1.026 3579904 1024000 0.624346 -214 24 -57 9 7
76 23.3591 0.254 3661824 1024000 -0.113599 -18 25 -50 14 1
29 34.9809 1.164 9462784 1024000 -1.32549 -186 63 -42 6 2
16 43.9628 0.529 8402944 1024000 -3.47784 -130 11 -6 12 5
35 33.6113 2.027 12718080 1024000 -0.745321 -261 96 -52 6 11
30 26.553 1.029 6734848 1024000 -0.68376 -93 36 -41 15 10
75 29.7531 2.066 11403264 1024000 0.906 -155 87 -42 4 11
90 17.2601 1.027 4373504 1024000 0.656253 -34 32 -15 0 8
32 39.1213 1.506 12255232 1024000 -1.41588 42 86 -33 8 14
25 42.9133 1.51 13464576 1024000 -2.59906 -265 92 -4 0 14
20 42.7839 1.194 11734016 1024000 -3.28217 -259 63 -28 10 13
58 30.8949 1.184 8434688 1024000 0.0744903 -109 63 -47 2 10
38 36.7118 1.446 11225088 1024000 -0.807701 -239 80 -46 3 15
17 33.0346 1.722 11240448 1024000 -3.32258 -116 50 -35 18 11
15 49.1489 0.569 9639936 1024000 -4.33413 -154 22 -37 1 11
72 31.5347 1.261 8912896 1024000 0.316556 -138 68 -51 13 17
83 30.4411 1.17 8257536 1024000 0.410964 -235 62 -23 7 10
77 13.4819 0.107 1865728 1024000 -0.077862 -103 1 -24 7 1
17 28.5136 1.629 9370624 1024000 -2.57642 -120 26 0 11 19
28 22.4088 1.012 5636096 1024000 -0.523714 -117 13 -33 6 17
86 34.835 1.408 10485760 1024000 0.477767 -196 80 -3 15 16
70 13.501 0.12 1890304 1024000 -0.0860268 71 1 -35 4 18
49 17.8751 1.026 4527104 1024000 0.321121 -260 27 -6 4 19
11 40.8072 1.921 14900224 1024000 -8.41352 54 47 -12 12 6
94 19.0813 0.202 2867200 1024000 -0.0307128 -143 19 -52 3 17
68 18.8112 0.167 2744320 1024000 -0.140904 25 12 -33 19 7
78 8.98112 1.345 2632704 1024000 1.08749 -89 18 -58 16 8
33 32.1167 1.181 8756224 1024000 -0.843384 -160 60 -27 1 4
29 37.1104 0.348 6253568 1024000 -1.2972 82 24 -36 6 11
90 28.2295 1.08 7340032 1024000 0.457778 -105 55 -7 1 8
19 49.5797 0.54 9544704 1024000 -3.29265 -123 38 -17 12 13
62 26.5614 0.319 4379648 1024000 -0.219936 -49 30 -30 13 15
51 17.3776 1.01 4366336 1024000 0.356814 -170 27 -4 1 9
27 35.375 0.331 5885952 1024000 -1.33219 -150 13 -40 0 0
57 32.0487 2.068 12291072 1024000 0.422852 17 97 -56 15 8
48 29.5293 1.118 7818240 1024000 -0.124676 -170 57 -19 6 5
74 30.4728 2.028 11534336 1024000 0.838811 60 90 -17 11 9
77 28.6591 1.122 7602176 1024000 0.368753 -83 58 -51 2 13
87 34.3919 1.5 10747904 1024000 0.557471 -9 82 -53 7 5
58 20.9869 1.032 5330944 1024000 0.330761 -136 38 -19 11 13
53 24.9986 0.254 3918848 1024000 -0.310121 -22 22 -38 17 12
61 20.4183 0.161 2963456 1024000 -0.209645 -128 10 -16 16 2
23 39.3626 2.059 15051776 1024000 -2.93387 -79 96 -39 17 11
109 22.1773 1.033 5636096 1024000 0.638505 -107 42 -52 0 4
49 35.3312 0.472 6501376 1024000 -0.540277 54 47 -42 16 4
18 49.026 1.445 14984192 1024000 -4.90613 68 82 -4 0 0
44 30.4737 1.183 8315904 1024000 -0.258939 -34 60 -56 13 13
51 31.5766 2.083 12169216 1024000 0.262534 -82 99 -41 5 7
33 35.7045 0.455 6494208 1024000 -1.04642 -59 40 -39 1 13
28 35.448 1.172 9624576 1024000 -1.45049 -55 62 -56 5 13
73 23.9664 0.294 3876864 1024000 -0.11118 -163 27 -27 0 0
95 32.0272 2.012 12058624 1024000 1.04358 55 97 -8 10 15
108 14.2149 1.025 3598336 1024000 0.770804 16 26 -38 7 9
101 19.5393 0.23 3004416 1024000 0.00305074 -53 21 -55 16 9
63 11.4576 1.009 2877440 1024000 0.660538 -13 10 -17 8 11
48 25.7025 0.234 3964928 1024000 -0.396208 -193 16 -45 9 16
88 13.0426 1.023 3298304 1024000 0.737045 56 23 -21 18 13
40 29.9327 0.333 4987904 1024000 -0.618367 -151 28 -41 1 11
67 14.1814 1.009 3561472 1024000 0.60345 -109 22 -12 16 16
32 32.1181 0.278 5131264 1024000 -0.945389 -19 10 -27 2 1
70 11.0674 1.011 2782208 1024000 0.707763 -88 13 -36 12 4
92 35.2307 1.5 11010048 1024000 0.586957 49 90 -18 4 10
61 30.9953 1.243 8690688 1024000 0.156038 71 65 -47 14 11
94 7.80888 1.012 1964032 1024000 0.852592 26 8 -50 18 11
10 34.4995 0.829 7887872 1024000 -5.18897 -104 7 -20 13 9
64 20.931 0.176 3077120 1024000 -0.190821 60 13 -23 12 8
23 44.4951 1.52 14016512 1024000 -3.12946 -115 88 -53 4 14
66 31.1386 1.194 8540160 1024000 0.206784 -173 64 -24 5 0
28 35.231 2.115 13718528 1024000 -1.623 -174 93 -12 7 14
54 23.5722 3.099 12078080 1024000 1.39255 16 92 -58 2 1
44 24.3252 1.035 6188032 1024000 -0.0379759 -41 43 -53 16 7
30 33.9373 1.162 9171968 1024000 -1.17055 -51 62 -8 3 10
60 16.9247 1.027 4288512 1024000 0.481687 -242 29 -31 10 13
96 26.9917 1.02 6815744 1024000 0.478333 -235 51 -36 19 3
33 34.1429 0.362 5813248 1024000 -0.981987 -43 30 -33 11 14
29 21.9637 1.011 5521408 1024000 -0.441586 -59 9 -3 4 18
77 35.9087 1.482 11141120 1024000 0.378104 -195 91 0 2 12
59 32.8241 1.277 9342976 1024000 0.0688432 -245 70 -53 17 12
84 35.3917 1.459 10878976 1024000 0.470905 -146 87 -9 12 9
56 26.8262 1.023 6784000 1024000 0.0987533 -263 50 -39 9 3
10 48.5292 0.836 11138048 1024000 -7.66166 -77 17 -8 14 15
80 19.9919 0.221 3051520 1024000 -0.0700156 5 20 -10 4 1
90 32.7098 1.308 9437184 1024000 0.508 -175 71 -11 0 3
98 8.52137 1.012 2143232 1024000 0.845147 -85 7 -37 1 0
62 28.5131 0.358 4840448 1024000 -0.23764 47 34 -43 9 8
38 28.6629 0.22 4371456 1024000 -0.657673 -247 4 -4 2 4
109 26.226 1.039 6684672 1024000 0.57111 28 50 -53 2 6
12 0.0217963 8.396 25600 1024000 8.37972 -115 32 -59 19 4
75 37.4031 1.523 11796480 1024000 0.323 -74 91 -37 0 16
19 45.2468 1.273 12856320 1024000 -3.88942 -259 69 -5 0 13
44 36.1953 1.535 11469824 1024000 -0.453814 -38 89 -51 6 10
23 44.7126 0.468 8205312 1024000 -2.25381 49 34 -18 2 4
10 45.4189 0.827 10373120 1024000 -7.08706 -195 16 -39 6 17
86 11.0048 1.015 2771968 1024000 0.769088 -223 17 -6 1 8
30 39.3729 1.413 11876352 1024000 -1.60731 17 85 -26 2 11
20 39.7839 1.086 10374144 1024000 -2.87142 -83 55 -41 14 17
21 44.5039 0.425 7927808 1024000 -2.45521 -106 23 -11 14 19
98 14.8835 0.142 2124800 1024000 -0.0234177 -201 11 -28 13 2
67 27.2426 1.045 6964224 1024000 0.251973 86 52 -45 17 2
20 0.0718918 9.939 98304 1024000 9.9015 -153 58 -59 12 17
43 25.2182 1.037 6421504 1024000 -0.102353 79 45 -44 15 5
70 33.767 1.391 10092544 1024000 0.291 -197 79 -52 9 19
68 28.8706 2.017 10888192 1024000 0.795378 -126 84 -28 18 2
26 37.2106 1.223 10340352 1024000 -1.81125 -133 67 -37 0 13
19 47.5927 1.446 14552064 1024000 -4.39734 -264 79 -4 18 17
86 22.0688 1.043 5636096 1024000 0.543 -29 42 -54 5 8
43 21.8591 1.03 5547008 1024000 0.0458067 -98 36 -32 7 6
67 32.2178 0.45 5839872 1024000 -0.214995 -36 43 -51 4 0
75 14.9779 1.011 3765248 1024000 0.627979 -79 26 -37 1 0
65 15.473 1.025 3916800 1024000 0.565264 9 26 -29 3 13
107 26.1889 0.324 4334592 1024000 0.0149317 -91 32 -20 12 3
65 17.2637 1.028 4376576 1024000 0.514298 -15 30 -13 2 5
78 31.5563 1.193 8650752 1024000 0.346846 -235 65 -11 3 4
109 17.6077 1.027 4461568 1024000 0.714715 -43 33 -40 6 0
108 7.38426 1.009 1854464 1024000 0.877996 14 6 -38 6 1
80 31.7326 2.073 12189696 1024000 0.9105 -66 95 -37 17 11
75 23.1927 0.269 3679232 1024000 -0.105271 43 25 -2 13 10
70 27.1836 0.353 4597760 1024000 -0.148116 -75 33 -47 4 5
13 36.7745 1.009 9235456 1024000 -4.41107 -170 11 -18 18 19
19 40.2834 1.028 10212352 1024000 -3.07274 -9 53 0 16 8
80 34.2541 1.357 10092544 1024000 0.3945 -117 79 -16 7 17
39 32.677 0.386 5661696 1024000 -0.721572 -54 35 -41 14 19
75 31.2233 0.418 5534720 1024000 -0.145021 43 41 -53 10 8
94 19.3485 0.218 2946048 1024000 -0.0211124 -209 20 -53 19 11
81 37.0798 1.545 11796480 1024000 0.433889 68 93 -32 11 13
36 32.9461 2.017 12425216 1024000 -0.616247 30 93 -1 9 1
89 15.1998 0.115 2118656 1024000 -0.0666187 28 7 -49 16 2
69 31.3812 2.074 12058624 1024000 0.740667 -195 96 -56 1 14
48 23.7371 1.034 6035456 1024000 0.0746901 -244 43 -57 16 9
55 29.9147 1.206 8249344 1024000 0.0616818 -152 61 -15 16 9
24 37.7741 0.364 6440960 1024000 -1.68353 -185 13 -17 1 15
29 36.9697 1.29 10583040 1024000 -1.49421 -115 70 -55 9 5
98 37.0463 1.519 11665408 1024000 0.610837 1 93 -17 4 17
76 13.2273 1.022 3343360 1024000 0.686371 -61 22 -50 13 0
83 16.666 0.156 2408448 1024000 -0.0653855 -191 12 -17 11 6
47 22.6111 1.044 5777408 1024000 0.106168 18 40 -50 9 15
20 40.3547 1.091 10548224 1024000 -2.93283 -4 56 -29 10 5
58 33.3079 2.059 12736512 1024000 0.383623 -129 98 -32 3 7
48 32.0415 1.237 8960000 1024000 -0.187154 69 66 -38 10 3
83 9.20637 1.01 2313216 1024000 0.797368 15 11 -43 14 8
66 11.1683 0.285 1794048 1024000 0.0776136 -220 10 -58 19 13
51 32.0802 1.232 8950784 1024000 -0.107001 -37 66 -16 16 8
40 31.6378 2.076 12165120 1024000 -0.244313 -214 89 -56 6 9
85 31.7318 1.28 9043968 1024000 0.468235 -216 68 -11 5 6
40 27.1002 1.037 6900736 1024000 -0.279211 10 48 -51 1 15
21 34.8707 1.032 8857600 1024000 -2.18601 81 38 -24 11 9
41 28.5512 1.058 7345152 1024000 -0.308806 -180 52 -42 16 1
92 30.0271 1.165 8126464 1024000 0.491087 -78 61 -1 6 10
51 20.1657 2.03 7638016 1024000 0.887384 23 57 -58 15 12
80 21.9757 0.261 3464192 1024000 -0.0693711 8 24 -2 8 1
97 35.2997 1.406 10616832 1024000 0.570948 -158 82 -6 4 7
69 31.9532 1.266 9051136 1024000 0.265207 -40 70 -31 10 0
56 32.0466 2.059 12254208 1024000 0.389497 54 93 -51 11 4
37 34.7005 0.431 6207488 1024000 -0.848983 -224 40 -24 16 1
55 26.0967 1.04 6654976 1024000 0.116847 -83 49 -43 16 6
73 26.2875 0.353 4446208 1024000 -0.111683 -240 32 -2 13 10
24 41.0287 1.325 11924480 1024000 -2.46569 -199 74 -8 13 5
39 29.2888 0.237 4529152 1024000 -0.649018 -234 12 -52 17 11
109 9.37217 0.207 1414144 1024000 0.108018 55 8 -58 18 8
21 47.6011 1.512 14947328 1024000 -3.91843 -217 90 -53 11 5
37 19.771 1.019 4989952 1024000 -0.00992737 21 19 -54 12 0
69 35.9175 1.423 10878976 1024000 0.220101 54 83 -51 19 6
79 16.2588 0.125 2286592 1024000 -0.0958267 -109 6 -48 4 14
19 48.2608 0.513 9127936 1024000 -3.1523 38 33 -24 13 7
103 12.0369 1.011 3025920 1024000 0.786865 -171 21 -32 11 9
64 33.0309 1.356 9728000 1024000 0.196332 -34 73 -16 11 18
79 31.5312 1.228 8781824 1024000 0.379899 -123 66 -12 0 19
43 37.5605 1.582 12123136 1024000 -0.568981 -89 90 -44 4 12
108 32.0154 0.441 5767168 1024000 0.0335926 -159 43 -16 11 0
46 23.9348 1.035 6088704 1024000 0.0251495 -208 43 -56 10 0
42 37.5663 1.526 11862016 1024000 -0.628762 -266 90 -36 3 5
14 15.4946 0.586 3072000 1024000 -1.08811 -242 2 -12 10 0
59 20.6358 1.011 5187584 1024000 0.340184 -138 37 -12 3 8
87 32.4362 2.071 12451840 1024000 0.979046 -210 99 -42 9 0
79 17.9771 0.161 2609152 1024000 -0.0909778 54 13 -4 19 11
11 14.0667 0.747 3072000 1024000 -1.38368 -103 2 -16 4 12
17 34.2796 1.702 11578368 1024000 -3.49423 -39 57 -14 17 0
25 36.2927 0.34 6079488 1024000 -1.51531 -129 8 -19 9 19
75 36.0706 1.529 11403264 1024000 0.369 -55 92 -26 12 2
34 32.2546 2.07 12378112 1024000 -0.707574 -136 86 -20 13 2
12 52.0595 1.72 17700864 1024000 -9.53391 -147 77 -54 11 16
68 30.1232 1.16 8133632 1024000 0.247431 -229 61 -10 18 0
16 49.9366 1.301 14363648 1024000 -5.54812 -233 73 -18 11 9
53 34.6148 1.389 10337280 1024000 -0.0990601 -245 78 -37 14 17
108 22.1556 1.035 5636096 1024000 0.636852 -145 42 -4 5 6
78 21.2299 1.04 5413888 1024000 0.510453 -172 40 -49 16 11
59 32.246 2.098 12487680 1024000 0.483196 69 96 -11 6 15
45 24.7182 0.192 3683328 1024000 -0.432479 -184 7 -17 5 5
59 17.9022 1.033 4549632 1024000 0.444679 78 31 -53 9 6
79 34.5506 0.487 6422528 1024000 -0.133253 -203 48 -28 19 10
90 28.8259 2.201 11534336 1024000 1.22322 65 89 -58 15 9
97 24.998 0.314 4106240 1024000 -0.00897036 -164 30 -9 18 9
58 24.0044 0.251 3753984 1024000 -0.242804 -34 22 -25 0 6
46 32.9337 2.194 13149184 1024000 0.0131236 -31 97 -17 9 19
72 28.8415 1.11 7607296 1024000 0.303902 -257 57 -47 14 17
108 31.8826 0.447 5767168 1024000 0.0395926 -16 43 -5 12 5
91 35.5016 1.54 11272192 1024000 0.594945 -182 85 -19 0 14
36 37.3202 1.443 11397120 1024000 -0.972365 -266 81 -31 16 5
62 30.1327 1.202 8294400 1024000 0.181335 -116 62 -11 17 8
41 17.092 1.011 4296704 1024000 0.211457 -65 14 -49 5 18
95 15.7524 1.026 3989504 1024000 0.705605 -210 29 -46 1 6
108 18.173 0.217 2764800 1024000 0.0216875 47 19 0 4 6
29 12.3 1.618 4025344 1024000 0.559002 -230 24 -58 19 11
74 32.5406 1.32 9437184 1024000 0.347027 30 71 -17 18 10
93 32.3051 2.051 12320768 1024000 1.04025 -15 95 -37 16 19
105 31.4833 1.298 9043968 1024000 0.640857 -231 68 -39 18 15
13 36.547 1.854 13038592 1024000 -5.79804 79 46 -42 4 0
98 12.4554 1.023 3149824 1024000 0.777783 -133 22 -25 3 13
11 42.795 1.895 15486976 1024000 -8.84648 -184 52 -40 3 15
22 43.9404 1.475 13594624 1024000 -3.23949 -126 80 -55 6 18
89 30.5582 1.196 8388608 1024000 0.476899 -4 63 -2 15 19
61 31.1745 1.228 8682496 1024000 0.142062 21 65 -20 15 13
89 29.1071 2.062 11141120 1024000 1.10694 -211 84 -53 19 2
51 31.1215 0.4 5446656 1024000 -0.414798 -237 38 -51 14 8
72 27.8657 1.071 7214080 1024000 0.306569 -247 54 -49 3 6
96 22.1773 1.033 5636096 1024000 0.585083 -234 42 -19 11 11
59 31.0765 2.053 11859968 1024000 0.519367 -144 89 -33 6 0
24 34.6507 2.057 13241344 1024000 -2.15231 -45 80 -51 15 6
89 15.3367 0.12 2147328 1024000 -0.0640765 -50 7 -21 14 2
36 35.8798 0.452 6512640 1024000 -0.928208 36 42 -56 17 10
43 31.7312 1.176 8631296 1024000 -0.355432 -137 64 -53 18 15
52 19.9899 1.01 5022720 1024000 0.273071 -127 34 -7 13 18
57 29.0743 1.07 7523328 1024000 0.0630099 6 56 -23 4 10
19 34.5505 1.011 8685568 1024000 -2.47666 -129 26 -20 4 17
90 29.2034 2.016 11010048 1024000 1.08267 -242 87 -31 13 16
35 33.9799 1.282 9693184 1024000 -0.830946 -192 66 -12 19 4
23 40.2545 1.235 11246592 1024000 -2.49564 29 67 -23 11 11
32 33.2751 1.142 8909824 1024000 -0.982268 22 60 -47 5 19
99 35.281 1.437 10747904 1024000 0.608717 -114 83 -10 7 7
74 20.9598 0.242 3254272 1024000 -0.0935152 -267 21 -47 8 1
89 30.2865 2.012 11403264 1024000 1.03447 27 90 -17 12 12
46 37.5268 1.559 12004352 1024000 -0.431999 26 92 -53 17 13
100 27.9539 1.063 7208960 1024000 0.513 -245 54 -39 19 11
57 27.728 0.348 4672512 1024000 -0.277411 -182 32 -19 8 6
102 27.9607 1.1 7340032 1024000 0.55098 -193 55 0 16 4
107 4.37048 1.013 1099776 1024000 0.934583 -131 1 -26 3 18
31 37.3445 0.433 6689792 1024000 -1.21342 -204 37 -31 16 11
60 30.5022 1.214 8441856 1024000 0.140562 82 63 -28 2 2
48 26.413 1.041 6738944 1024000 -0.0301263 -33 49 -16 1 7
16 45.6045 1.68 15278080 1024000 -5.60516 -136 82 -4 18 8
74 17.0166 0.124 2391040 1024000 -0.122516 5 4 -21 8 2
94 28.6054 0.396 4992000 1024000 -0.00916955 43 37 -13 0 4
36 22.9889 1.03 5833728 1024000 -0.206328 -170 34 -15 15 1
84 18.032 0.182 2664448 1024000 -0.0600015 58 16 -31 3 11
65 35.3372 1.406 10628096 1024000 0.158524 -199 80 -16 18 7
38 34.1193 1.283 9737216 1024000 -0.671975 -52 71 -21 14 17
27 13.178 1.019 3325952 1024000 0.0791852 -157 12 -58 1 14
65 37.1199 1.514 11665408 1024000 0.144769 -67 95 -43 19 13
48 28.3793 2.06 10855424 1024000 0.334577 -123 81 -53 9 14
77 33.0856 0.46 6038528 1024000 -0.138316 -129 45 -36 14 10
93 32.5866 2.089 12582912 1024000 1.05674 -225 96 -48 13 9
25 33.8762 1.052 8689664 1024000 -1.59988 -202 52 -7 2 19
72 13.6284 1.022 3444736 1024000 0.656983 41 22 -3 1 2
68 7.30711 0.121 1024000 1024000 0.00611029 -149 0 -25 2 9
56 34.2601 1.342 10030080 1024000 -0.02449 -13 77 -33 18 13
44 35.89 1.468 11072512 1024000 -0.451922 -143 81 -53 18 14
43 19.7044 0.196 2946048 1024000 -0.326711 -245 2 -44 17 12
