101 4.96375 8.034 5605376 102400 7.61058 -85 58 -26 15 5
80 6.36809 2.598 2864128 102400 2.32486 -262 28 -33 7 1
51 7.44738 6.108 6617088 102400 5.11811 63 69 -53 6 16
43 4.54249 1.164 1228800 102400 0.945977 -15 11 -34 2 9
66 7.51018 6.186 6746112 102400 5.40617 -85 76 -46 11 9
17 0.751491 0.09 102400 102400 0.0440441 -195 0 0 10 4
98 7.41815 6.263 6734848 102400 5.73869 -123 77 -6 18 5
13 7.57854 6.92 7502848 102400 2.51675 -90 81 -12 0 19
90 6.85143 3.162 3564544 102400 2.85983 54 36 -25 18 7
94 6.64253 3.193 3481600 102400 2.91042 -158 36 -28 3 3
42 6.4999 9.08 8189952 102400 7.59228 -24 91 -28 5 8
25 7.39684 6.058 6525952 102400 4.06644 -235 72 -13 7 6
47 5.6474 1.756 1945600 102400 1.44018 -154 18 -47 18 17
72 5.38928 1.736 1843200 102400 1.54069 23 17 -26 13 12
78 7.68205 8.849 9457664 102400 7.92392 -105 98 -21 15 14
58 0.75565 0.084 102400 102400 0.0705302 23 0 -44 9 1
109 5.12781 1.556 1638400 102400 1.44132 -97 15 -34 13 9
95 6.64927 3.052 3367936 102400 2.78152 -55 36 -6 3 1
103 7.68728 8.172 8813568 102400 7.51916 -108 99 -30 12 12
85 7.15559 5.245 5585920 102400 4.74362 -3 61 -54 13 11
78 5.87385 8.16 6725632 102400 7.50215 -110 75 -51 0 10
29 5.37759 8.006 6053888 102400 6.41333 -128 67 -16 7 5
17 7.0935 4.549 4920320 102400 2.34082 -248 56 -27 3 14
86 0.750802 0.091 102400 102400 0.0819157 -191 0 -14 16 17
22 2.43429 0.346 409600 102400 0.203955 -52 3 -19 14 0
22 6.35313 2.591 2851840 102400 1.60201 -237 32 -52 2 2
89 7.68885 7.012 7700480 102400 6.35189 76 83 -39 17 0
12 7.68241 7.409 8075264 102400 2.27489 34 87 -59 12 6
59 6.14033 3.077 3129344 102400 2.67234 -27 31 -26 17 5
106 5.01018 1.289 1433600 102400 1.18582 -137 13 -46 0 5
17 4.63906 8.05 5248000 102400 5.69476 60 60 -43 6 10
38 7.61172 7.387 7980032 102400 5.78482 18 87 -26 4 14
70 7.32267 7.284 7582720 102400 6.45755 7 83 -46 8 17
37 4.5212 0.993 1126400 102400 0.760736 40 10 -3 12 12
13 5.98454 2.266 2443264 102400 0.832106 -41 23 -43 9 1
15 4.7282 1.079 1228800 102400 0.454 66 11 -10 1 18
44 6.54639 3.182 3422208 102400 2.58861 -195 34 -49 16 8
15 7.65787 7.897 8516608 102400 3.56523 -181 95 -25 0 7
33 7.56883 7.099 7662592 102400 5.32746 88 84 -19 13 8
82 7.35198 6.315 6722560 102400 5.68952 78 78 -21 13 14
32 7.47289 6.269 6790144 102400 4.6501 -269 78 -44 16 11
80 7.14878 4.843 5221376 102400 4.34505 -142 56 -31 17 5
14 6.40477 2.516 2814976 102400 0.98196 73 28 -24 15 16
81 6.10832 8.086 6937600 102400 7.43255 -248 79 -17 19 4
26 3.74046 7.918 4169728 102400 6.69444 -32 44 -14 3 19
30 6.55223 3.077 3339264 102400 2.22778 -165 38 -55 14 10
105 7.64853 7.518 8143872 102400 6.92626 83 91 -11 19 18
61 7.48543 8.485 8875008 102400 7.37498 -221 99 -38 16 15
66 6.20295 2.151 2443264 102400 1.86857 -237 23 -27 2 8
88 6.26472 2.32 2599936 102400 2.09459 -173 25 -43 1 13
37 7.69921 8.394 9040896 102400 6.52977 -131 99 -22 10 10
61 6.0332 2.203 2415616 102400 1.90087 -150 23 -34 8 13
81 1.95032 0.26 307200 102400 0.231065 -143 2 -25 12 5
71 7.47383 6.598 7098368 102400 5.83524 -99 79 -24 12 4
105 6.87196 3.326 3716096 102400 3.05599 -240 39 -58 12 0
37 6.09985 2.168 2415616 102400 1.6699 -15 23 -38 3 0
66 5.45722 9.089 6882304 102400 8.29343 -39 78 -33 6 12
30 7.42337 6.696 7141376 102400 4.87985 -185 79 -18 2 10
65 7.51841 6.59 7133184 102400 5.75274 47 81 -40 4 3
82 7.17009 4.524 4951040 102400 4.06335 -261 51 -46 5 19
55 0.74806 0.095 102400 102400 0.0807955 -118 0 -50 17 4
69 4.37674 7.986 4916224 102400 7.44241 76 53 -12 18 3
56 7.36856 6.701 7093248 102400 5.73462 25 79 -32 1 2
29 6.9453 4.599 4860928 102400 3.32017 47 54 -25 0 4
69 7.6054 7.562 8139776 102400 6.66198 3 91 -3 7 3
48 6.79403 4.878 4992000 102400 4.08454 -227 56 -41 7 14
32 6.9633 4.321 4631552 102400 3.21675 -217 49 -48 11 5
53 7.46906 5.63 6190080 102400 4.73893 74 68 -54 13 12
45 7.27027 5.231 5662720 102400 4.27093 -172 62 -34 12 19
76 7.02253 3.869 4274176 102400 3.43993 -53 46 -42 1 9
79 7.24454 4.837 5285888 102400 4.32652 -30 56 -57 1 15
88 7.56063 7.902 8413184 102400 7.1726 -19 91 -11 7 5
99 7.20728 6.438 6701056 102400 5.92159 -47 73 -16 6 6
96 6.06733 2.32 2518016 102400 2.11989 -41 24 -50 12 2
14 2.35278 1.089 614400 102400 0.754179 -61 5 -33 15 4
53 6.03129 2.276 2469888 102400 1.92046 82 25 -28 11 11
84 5.93552 1.999 2225152 102400 1.7969 0 21 -54 18 12
39 5.10783 1.566 1638400 102400 1.24549 -74 15 -11 19 2
25 7.40424 5.49 6006784 102400 3.65687 -99 67 -32 8 13
43 5.86588 1.793 2048000 102400 1.42963 -119 19 -17 0 6
13 7.40656 6.573 7011328 102400 2.45822 81 76 -49 17 17
44 5.81943 3.078 2966528 102400 2.56362 -248 29 -4 11 16
20 7.12833 5.316 5627904 102400 3.16912 -218 63 -51 15 15
62 6.33864 2.227 2556928 102400 1.91236 77 25 -36 17 15
37 7.72504 7.475 8183808 102400 5.7875 -113 86 -42 2 5
57 6.75116 8.177 7744512 102400 7.1404 -210 83 -12 12 4
82 7.36285 7.063 7420928 102400 6.37255 -174 81 -37 10 9
14 6.849 8.077 7771136 102400 3.84207 -125 82 -59 5 0
13 4.06416 0.814 921600 102400 0.273135 -163 8 -34 9 8
27 7.61523 7.296 7897088 102400 5.06452 -243 83 -26 16 17
31 5.474 1.544 1740800 102400 1.11557 -197 16 -17 13 18
77 6.4369 4.172 4161536 102400 3.75966 -156 45 -48 4 14
84 7.50923 5.984 6555648 102400 5.38858 -37 71 -12 2 19
64 7.50777 6.484 7023616 102400 5.64672 35 78 -1 13 6
27 7.45898 5.807 6346752 102400 4.0136 -27 71 -19 8 19
24 7.58673 7.325 7895040 102400 4.81523 -113 90 -35 17 17
25 7.47955 6.567 7074816 102400 4.40794 -197 81 -45 10 15
91 7.00319 3.714 4126720 102400 3.36802 -253 41 -59 14 17
11 6.61898 3.25 3516416 102400 0.81108 -161 35 -39 11 12
13 7.34774 6.123 6542336 102400 2.28346 -237 70 -20 1 18
15 7.68195 8.044 8684544 102400 3.62681 -129 91 -57 15 13
25 6.75656 9.176 8594432 102400 6.55319 -245 93 -27 12 6
71 7.55623 6.32 6914048 102400 5.57704 -65 76 -27 17 2
55 7.01259 9.079 8835072 102400 7.85343 29 96 -31 5 6
68 5.07447 1.26 1433600 102400 1.09915 -198 13 -17 2 15
65 5.24031 8.009 5901312 102400 7.31633 -162 63 -9 19 14
55 5.98678 2.091 2313216 102400 1.77012 -100 22 -11 7 8
14 7.35383 5.256 5750784 102400 2.12207 13 58 -6 5 10
44 1.39071 0.178 204800 102400 0.142489 -255 1 -47 10 18
38 6.25772 4.379 4207616 102400 3.53422 -108 44 -19 5 4
89 6.6567 3.173 3472384 102400 2.87533 -26 36 -30 3 8
97 5.67102 9.077 7143424 102400 8.51514 34 76 -26 19 13
70 6.81725 3.857 4139008 102400 3.40588 19 43 -16 13 13
48 6.71802 4.347 4490240 102400 3.6333 -209 46 -30 16 15
85 5.81385 1.818 2048000 102400 1.63418 20 19 -7 10 9
64 3.53299 0.623 716800 102400 0.537551 -33 6 -2 18 9
29 7.49274 8.221 8636416 102400 5.94891 -32 93 -8 19 9
16 5.95603 3.078 3036160 102400 1.63025 -50 31 -37 5 4
16 6.8686 9.078 8652800 102400 4.95202 -131 97 -56 11 19
29 6.41546 3.215 3380224 102400 2.32572 6 34 -40 11 15
92 7.32043 5.975 6382592 102400 5.4457 34 73 -18 7 15
78 6.9587 4.527 4807680 102400 4.05675 -12 54 -17 18 6
49 6.11173 2.446 2632704 102400 2.03608 -256 26 -35 14 7
54 7.08728 3.88 4323328 102400 3.26918 -48 46 -12 19 11
23 5.32142 1.463 1638400 102400 0.919522 -169 15 -28 3 12
10 6.57642 4.284 4343808 102400 0.969937 -154 47 -1 15 6
49 5.8541 1.849 2084864 102400 1.52438 -148 20 -19 6 11
68 7.52532 6.853 7387136 102400 6.02419 12 78 -56 4 14
56 1.86734 0.316 307200 102400 0.274147 -83 2 -57 16 8
95 7.23877 4.922 5358592 102400 4.49165 35 59 -46 12 17
49 5.95635 9.077 7502848 102400 7.90879 -21 86 -58 19 0
23 7.40384 6.339 6792192 102400 4.08594 86 78 -48 1 9
104 7.39701 6.142 6603776 102400 5.65755 -15 72 -46 2 5
101 5.81201 4.27 3828736 102400 3.98078 -83 40 -11 18 4
100 7.49706 6.239 6784000 102400 5.72142 -119 76 -54 1 17
101 6.36919 2.726 2966528 102400 2.50191 -84 29 -19 12 5
25 6.99962 4.593 4893696 102400 3.09956 -15 56 -28 18 0
102 3.91381 1.093 1024000 102400 1.01641 39 9 -49 10 15
40 6.60098 3.032 3326976 102400 2.39743 41 35 -31 16 12
99 5.42871 2.03 2056192 102400 1.87154 -33 20 -22 11 18
90 6.14435 3.077 3131392 102400 2.81155 -63 32 -28 17 1
32 7.68627 7.943 8592384 102400 5.89442 -86 95 -36 18 9
23 5.11765 1.401 1536000 102400 0.891489 -167 14 -21 7 5
67 6.98008 9.079 8794112 102400 8.0776 20 95 -15 19 12
101 7.67463 8.486 9100288 102400 7.79858 -161 98 -22 5 17
106 5.99365 2.205 2401280 102400 2.03217 58 23 -39 4 11
92 5.50506 1.735 1882112 102400 1.57892 57 18 -44 8 15
77 6.26594 4.47 4284416 102400 4.04549 41 47 -2 2 5
82 5.81619 2.338 2426880 102400 2.1122 -257 25 -55 12 18
40 5.37139 8.114 6119424 102400 6.94681 -151 63 -19 18 18
98 7.52104 6.107 6681600 102400 5.58683 -95 78 -8 13 18
88 5.95763 2.102 2310144 102400 1.90172 49 22 -10 10 4
14 6.90336 4.118 4416512 102400 1.71119 -232 46 -43 2 4
97 7.62782 6.305 6965248 102400 5.75716 -198 76 -32 2 10
65 7.54506 5.877 6486016 102400 5.1157 49 69 -39 9 11
24 7.75097 8.029 8748032 102400 5.24808 -173 95 -30 6 7
103 6.08674 4.125 3899392 102400 3.83617 -74 44 -42 16 0
55 7.25881 4.224 4740096 102400 3.56647 42 49 -26 19 17
42 6.71133 3.078 3421184 102400 2.45653 -251 33 -54 16 10
31 6.96171 3.322 3761152 102400 2.39634 17 40 -55 2 14
34 6.59488 3.191 3454976 102400 2.41572 -147 35 -52 9 5
28 7.44524 5.945 6463488 102400 4.18384 -74 70 -39 14 14
68 7.05946 5.554 5783552 102400 4.9051 -17 63 -8 12 17
45 7.48169 7.72 8155136 102400 6.33736 -179 91 -23 8 3
59 7.02452 4.586 4904960 102400 3.95173 -186 56 -52 2 18
26 7.33228 6.195 6594560 102400 4.2599 -212 73 -23 5 16
109 7.28262 6.82 7118848 102400 6.32172 -22 86 -30 6 15
73 4.34335 0.886 1024000 102400 0.778979 -123 9 -12 0 18
90 7.61784 8.518 9063424 102400 7.74968 -16 98 -46 2 15
53 6.49268 2.534 2868224 102400 2.12112 -216 29 -15 14 18
48 7.18535 4.86 5263360 102400 4.02341 -63 59 -58 9 18
20 6.71396 3.379 3675136 102400 1.97705 -148 37 -38 18 8
53 6.2939 2.384 2662400 102400 2.00075 -176 25 -35 12 11
100 5.76108 8.19 6618112 102400 7.68508 -142 76 -45 4 2
77 6.18253 3.077 3150848 102400 2.7648 -61 33 -44 19 0
74 2.35166 1.09 614400 102400 1.02666 -160 5 -54 16 2
69 6.34185 2.423 2713600 102400 2.12295 -46 27 -12 1 5
67 6.94206 4.827 5056512 102400 4.25121 28 55 -31 14 0
107 6.83055 4.103 4357120 102400 3.79233 -211 47 0 14 8
57 5.62358 1.622 1843200 102400 1.37529 -169 17 -54 4 17
106 7.18155 5.446 5786624 102400 5.02951 -216 63 -2 10 9
37 3.15365 1.078 819200 102400 0.909081 -137 7 -34 2 7
103 6.60564 3.395 3629056 102400 3.12619 32 37 -4 1 17
57 7.68485 7.498 8163328 102400 6.40535 -4 90 -59 19 17
88 7.03164 8.122 8017920 102400 7.42687 -133 94 -10 13 14
41 6.27979 2.419 2683904 102400 1.91957 -49 26 -6 1 12
17 4.17941 1.352 1228800 102400 0.800529 -248 11 -28 18 0
92 0.754258 0.086 102400 102400 0.0775082 9 0 -2 16 4
50 6.48901 2.536 2868224 102400 2.09834 -18 29 -56 7 14
57 7.08026 5.824 6039552 102400 5.01561 80 71 -37 3 6
50 5.81989 3.248 3090432 102400 2.77644 -166 30 -1 2 3
59 6.68582 4.249 4386816 102400 3.68173 -16 47 -19 14 1
102 7.40845 6.999 7407616 102400 6.44493 -217 83 -32 19 13
104 7.45283 7.18 7620608 102400 6.62096 -176 84 -55 15 8
41 7.59933 8.276 8811520 102400 6.63633 90 93 -4 17 5
94 7.34919 5.902 6340608 102400 5.38737 -109 71 -10 16 17
105 6.0404 3.078 3079168 102400 2.85426 63 33 -28 17 1
94 6.88808 3.235 3646464 102400 2.93904 -171 39 -24 6 1
38 7.54009 6.654 7214080 102400 5.2056 -6 79 -52 8 11
78 4.54669 1.162 1228800 102400 1.04181 -68 11 -15 9 8
16 4.49794 8.048 5087232 102400 5.62222 -1 60 -17 12 3
10 6.38246 9.209 8144896 102400 2.99494 -99 87 -38 17 18
98 6.68539 8.891 8265728 102400 8.24751 -202 90 -32 13 11
52 7.42003 4.795 5374976 102400 4.00639 -249 62 -34 0 17
46 6.2994 2.541 2788352 102400 2.07853 -178 28 -48 11 13
63 7.6484 7.742 8357888 102400 6.72985 83 94 -21 0 17
99 3.4794 0.648 716800 102400 0.59276 -133 6 -16 16 11
44 6.47591 2.509 2840576 102400 2.01646 72 29 -11 7 0
106 7.4049 5.943 6426624 102400 5.48044 -101 76 -16 9 18
43 7.56694 6.891 7463936 102400 5.56669 -23 84 -59 0 16
40 6.7298 3.32 3634176 102400 2.62684 86 39 -45 0 12
107 7.41393 6.013 6499328 102400 5.54958 -123 71 -20 19 13
55 7.55963 6.463 7052288 102400 5.48473 -152 83 -11 3 4
91 5.73493 4.058 3625984 102400 3.754 -174 41 -6 5 8
101 5.26161 1.491 1638400 102400 1.36724 -219 15 -54 18 17
76 5.77623 2.12 2252800 102400 1.89385 -114 21 -12 5 11
87 7.2749 5.325 5751808 102400 4.8206 -138 63 -38 9 4
95 5.78866 8.033 6536192 102400 7.50808 -168 74 -8 2 10
65 5.73449 1.857 2048000 102400 1.61662 -93 19 -54 2 6
28 6.35762 4.337 4241408 102400 3.18131 -161 46 -47 4 0
31 7.67838 6.737 7426048 102400 4.90938 -105 85 0 7 11
96 4.27478 8.093 4858880 102400 7.70685 -239 51 -37 16 19
16 6.26281 2.27 2560000 102400 1.0493 -141 24 -3 19 5
83 7.28107 5.188 5632000 102400 4.6703 -59 61 -7 14 9
65 7.07229 3.822 4262912 102400 3.32164 -67 43 -28 0 6
89 7.6579 6.517 7195648 102400 5.90016 -210 77 -20 4 1
23 5.49778 1.682 1843200 102400 1.07059 -13 17 -13 1 17
74 7.38362 6.125 6576128 102400 5.447 33 71 -12 6 8
55 6.75717 3.214 3559424 102400 2.72025 -199 37 -20 6 11
53 1.37208 0.194 204800 102400 0.164519 -212 1 -10 18 1
57 7.33092 6.431 6809600 102400 5.51954 -169 74 -32 14 10
24 4.78827 1.224 1331200 102400 0.800823 -136 12 -24 14 17
90 7.35374 6.604 6989824 102400 6.01147 -130 78 -35 3 8
53 7.35225 6.688 7065600 102400 5.6709 -110 78 -11 1 7
57 6.69452 3.169 3488768 102400 2.70203 -125 38 -13 14 13
100 7.15409 3.91 4390912 102400 3.575 -104 46 -19 14 17
60 1.97008 1.079 512000 102400 1.0139 -33 4 -14 0 15
107 7.60082 6.886 7492608 102400 6.35176 -178 82 -20 15 1
54 6.50156 3.42 3592192 102400 2.91248 -66 40 -38 9 3
109 7.73415 7.411 8131584 102400 6.84183 -50 91 -10 11 3
45 5.97212 4.115 3818496 102400 3.4676 -266 41 -17 15 9
54 6.05158 9.089 7631872 102400 8.01073 -222 85 -48 19 11
19 7.63943 7.778 8382464 102400 4.41205 -114 93 -5 12 0
104 7.02813 4.364 4712448 102400 4.0183 -109 53 -16 12 3
84 6.46733 4.249 4243456 102400 3.86358 -257 45 -6 19 6
92 3.94017 1.079 1024000 102400 0.994082 -136 9 -47 3 3
86 5.83807 9.117 7383040 102400 8.46202 -5 78 -11 18 15
30 7.61815 7.381 7981056 102400 5.35131 -261 85 -50 19 16
58 5.19524 8.043 5872640 102400 7.27051 -47 66 -51 10 18
57 6.40177 8.166 7334912 102400 7.18423 26 74 -36 16 9
92 6.44408 2.656 2945024 102400 2.41177 -200 29 -19 10 3
31 7.24785 5.031 5464064 102400 3.68624 -256 58 -15 5 10
44 7.57008 7.629 8165376 102400 6.21316 -214 93 -59 9 5
79 6.26058 9.078 7886848 102400 8.31633 -61 82 -9 13 10
67 7.20585 5.555 5904384 102400 4.88266 -30 68 -49 15 17
54 6.66969 3.44 3701760 102400 2.917 -128 39 -30 10 8
88 5.55997 1.652 1843200 102400 1.4922 -13 17 -50 16 5
91 4.76898 1.233 1331200 102400 1.12139 67 12 -26 19 1
36 2.35894 0.389 409600 102400 0.302194 -154 3 -31 14 7
56 6.00025 9.077 7558144 102400 8.04728 -231 83 -43 4 1
96 6.75187 3.682 3951616 102400 3.36795 -20 42 -20 12 5
86 5.43554 1.562 1740800 102400 1.40757 54 16 -20 5 2
85 4.34254 1.075 1126400 102400 0.973897 -104 10 -33 19 7
104 1.96907 0.248 307200 102400 0.225464 -99 2 -37 19 16
73 7.01378 3.513 3956736 102400 3.09947 -47 40 -42 11 12
40 1.17808 1.086 307200 102400 1.02741 -79 2 -58 0 14
72 7.0984 4.836 5178368 102400 4.28728 -28 58 -8 5 19
93 7.04799 8.281 8176640 102400 7.61022 -60 90 -4 4 13
95 7.38675 6.285 6726656 102400 5.74479 -84 77 -49 19 1
19 1.39308 0.176 204800 102400 0.0937632 -40 1 -43 11 3
54 7.52336 7.271 7778304 102400 6.17204 46 91 -1 11 13
84 7.27388 5.202 5639168 102400 4.68982 -253 59 -29 2 10
37 3.94017 1.079 1024000 102400 0.867851 76 9 -18 5 13
57 7.24434 5.389 5785600 102400 4.6146 -113 65 -46 0 19
34 4.01547 0.836 921600 102400 0.629199 -204 8 -11 5 1
102 6.02543 1.855 2150400 102400 1.69415 -105 20 -59 19 13
23 5.84496 1.803 2048000 102400 1.12365 -83 19 -48 10 8
86 7.44241 7.875 8256512 102400 7.14253 -28 92 -9 0 19
56 6.00761 2.353 2518016 102400 2.00995 22 24 -24 13 15
45 6.05042 2.114 2355200 102400 1.71469 -251 22 -43 3 16
64 6.25649 2.581 2800640 102400 2.24714 87 28 -19 16 14
11 5.72847 1.86 2048000 102400 0.439545 24 19 -4 8 7
39 7.22509 6.27 6565888 102400 4.98554 -211 77 -41 17 13
16 7.39361 6.286 6733824 102400 3.07506 -64 75 -30 9 18
91 6.87395 3.432 3808256 102400 3.11272 43 42 -22 7 13
41 7.61764 7.887 8462336 102400 6.3123 -70 88 -7 2 1
108 6.67878 2.882 3240960 102400 2.65305 13 32 -22 19 11
102 6.43928 2.431 2761728 102400 2.22443 -143 27 -55 18 15
39 7.72024 8.726 9385984 102400 6.88986 -240 98 -52 19 5
57 7.23114 5.395 5780480 102400 4.62129 -137 63 -11 9 6
29 5.66308 3.166 2949120 102400 2.39014 76 30 -3 0 10
90 5.56837 1.648 1843200 102400 1.49175 18 17 -17 11 5
82 7.33423 6.24 6637568 102400 5.62243 69 72 -43 6 4
86 7.18092 4.413 4858880 102400 3.98195 -244 53 -16 11 15
66 6.02943 2.205 2415616 102400 1.92576 -112 23 -54 13 19
90 7.65829 6.369 7054336 102400 5.771 84 75 -25 16 9
72 7.2781 5.132 5578752 102400 4.54085 -256 60 -5 18 2
12 6.57037 8.144 7510016 102400 3.36926 -45 86 -39 7 8
58 7.3507 6.557 6943744 102400 5.64361 -149 79 -54 9 8
90 3.12851 0.571 614400 102400 0.518917 -59 5 -12 13 0
25 5.7749 1.959 2136064 102400 1.30712 -44 20 -33 14 5
108 6.02031 3.078 3068928 102400 2.8612 -40 32 -36 7 12
74 7.07775 4.522 4885504 102400 4.0183 -124 54 -22 19 19
20 7.45896 8.433 8795136 102400 5.07792 -135 94 -24 14 5
62 6.17699 3.078 3148800 102400 2.69053 -30 32 -24 15 15
56 5.81385 1.818 2048000 102400 1.53898 -80 19 -51 15 17
100 6.95684 3.809 4182016 102400 3.48994 -148 44 -10 12 19
58 7.08102 4.671 5019648 102400 4.01071 -239 54 0 5 12
101 4.33418 1.079 1126400 102400 0.993913 -210 10 -34 14 4
24 7.84803 7.838 8670208 102400 5.08182 -206 95 -14 0 18
23 4.77111 1.232 1331200 102400 0.790424 -107 12 -16 18 17
54 2.42708 0.35 409600 102400 0.29213 -20 3 -9 7 6
10 6.55125 4.163 4228096 102400 0.937219 56 44 -34 12 10
76 6.49367 4.123 4158464 102400 3.70555 -268 43 -18 6 8
36 6.14485 3.078 3132416 102400 2.41415 69 32 -24 6 4
32 6.76501 3.639 3922944 102400 2.7037 -148 40 -15 10 12
101 7.52187 5.639 6242304 102400 5.16747 63 66 -10 1 5
69 7.67963 8.003 8642560 102400 7.04738 -186 91 -14 13 16
88 7.50355 6.45 6987776 102400 5.84418 -78 77 -2 15 4
32 1.97008 1.079 512000 102400 0.95693 -149 4 -44 2 6
73 6.21015 4.316 4126720 102400 3.88471 13 45 -23 9 0
59 3.73191 0.756 819200 102400 0.650068 28 7 -38 4 6
109 7.39161 5.275 5797888 102400 4.86918 89 60 -10 19 5
106 7.31647 6.168 6555648 102400 5.69615 -188 77 -22 10 12
79 7.42993 5.827 6340608 102400 5.21466 -200 71 -8 9 18
35 7.5484 6.931 7483392 102400 5.29975 -87 85 -32 7 11
99 7.26152 6.044 6393856 102400 5.55126 51 74 -7 12 2
37 6.79371 3.412 3746816 102400 2.63941 -239 40 -38 1 17
10 6.14445 2.181 2443264 102400 0.316937 -260 23 -26 19 12
18 5.8635 2.054 2238464 102400 1.10522 32 21 -26 13 14
84 6.57436 2.915 3217408 102400 2.62278 -203 33 -7 7 10
58 5.21555 1.513 1638400 102400 1.29748 67 15 -56 12 6
15 7.46565 6.377 6884352 102400 2.87544 -228 75 -51 4 6
96 3.13449 0.568 614400 102400 0.519172 -134 5 -6 0 17
91 7.72786 8.003 8696832 102400 7.27386 -225 94 -19 2 5
80 7.26736 4.671 5151744 102400 4.17969 -55 55 -11 0 6
19 5.70057 1.874 2048000 102400 1.05163 -175 19 -34 8 19
19 5.13476 1.393 1536000 102400 0.776224 -125 14 -51 3 5
52 6.72556 4.246 4410368 102400 3.59891 -104 47 -13 19 17
17 5.79238 8.146 6622208 102400 5.17403 -140 75 -3 10 12
31 7.42898 6.817 7259136 102400 5.03046 -35 78 -17 7 6
82 6.15226 9.089 7758848 102400 8.36711 -211 82 -36 10 3
30 6.23883 3.291 3346432 102400 2.43996 -158 33 -40 16 19
37 5.14121 1.39 1536000 102400 1.07328 -99 14 -2 3 5
77 6.72316 3.122 3464192 102400 2.77876 -101 35 -5 12 5
45 7.52019 7.354 7853056 102400 6.02258 -87 88 -22 16 14
95 3.1491 1.081 819200 102400 1.01521 -159 7 -41 10 10
48 7.05724 4.942 5241856 102400 4.10883 -261 57 -32 18 13
34 7.2406 5.45 5837824 102400 4.14003 59 65 -12 0 6
10 6.6013 9.084 8321024 102400 2.73556 -241 91 -32 14 17
40 7.44493 7.28 7705600 102400 5.81027 -247 87 -54 1 6
99 7.18899 5.551 5886976 102400 5.09732 -131 67 -5 6 7
39 6.24223 2.517 2744320 102400 1.98014 -85 27 -13 12 9
84 2.3641 1.079 614400 102400 1.0232 -125 5 -8 18 17
45 7.62961 6.168 6836224 102400 5.00897 63 74 -41 18 0
69 5.53285 1.665 1843200 102400 1.4612 -265 17 -4 16 7
46 6.88945 4.252 4523008 102400 3.50183 -240 48 -48 16 1
29 7.32021 5.447 5899264 102400 3.89501 -100 65 -2 17 13
89 6.793 9.078 8557568 102400 8.34442 -21 93 -47 17 11
51 5.31465 1.312 1536000 102400 1.08222 -190 14 -31 10 0
25 7.18144 4.432 4876288 102400 2.94387 1 52 -12 15 16
67 4.47257 7.929 4992000 102400 7.36055 -263 51 -29 0 0
11 7.35553 6.63 7015424 102400 1.76423 48 76 -50 16 11
77 7.45947 6.572 7060480 102400 5.87243 -132 81 -27 6 9
102 3.54615 1.079 921600 102400 1.01007 63 8 -12 2 19
100 3.70448 0.769 819200 102400 0.7065 -235 7 -58 16 4
50 4.04913 7.922 4515840 102400 7.23294 -209 47 -23 10 7
18 6.78464 8.989 8471552 102400 5.39829 -185 93 -14 13 13
78 7.39804 6.306 6756352 102400 5.64514 -183 75 -55 17 2
11 4.80355 8.499 5703680 102400 4.54303 -121 60 -7 12 7
47 7.39237 7.627 7971840 102400 6.33295 -115 91 -38 8 5
71 6.42398 2.721 2988032 102400 2.39992 -217 29 -3 16 13
80 6.06999 1.969 2252800 102400 1.75416 -141 21 -48 2 17
71 6.82299 3.273 3644416 102400 2.88138 -252 38 -18 16 3
27 4.78025 8.158 5472256 102400 6.6117 -52 62 -5 5 5
47 7.12241 4.339 4753408 102400 3.56739 54 54 -56 19 3
70 7.17636 4.429 4870144 102400 3.8982 -98 50 -11 15 19
99 6.54287 2.572 2921472 102400 2.34686 -4 30 -20 12 19
101 1.97858 0.242 307200 102400 0.218795 -145 2 -36 8 18
19 4.14878 0.777 921600 102400 0.406934 -174 8 -55 10 1
59 6.54389 4.468 4472832 102400 3.88961 -192 46 -8 12 11
73 4.57863 0.968 1126400 102400 0.850277 20 10 -52 10 19
31 2.76738 0.48 512000 102400 0.353992 -193 4 -26 16 13
92 5.06774 1.263 1433600 102400 1.14411 55 13 -53 19 2
33 7.67081 7.945 8577024 102400 5.96205 -113 91 -49 19 0
40 7.43883 6.06 6564864 102400 4.80785 -158 73 -3 5 9
44 6.94513 9.079 8750080 102400 7.56178 -210 93 -57 10 15
106 7.13623 4.921 5281792 102400 4.54084 -227 56 -21 4 3
29 6.40121 2.692 2954240 102400 1.91479 -69 30 -54 12 6
26 5.72377 4.294 3787776 102400 3.18252 57 42 -55 2 3
76 6.52164 4.096 4154368 102400 3.67896 -128 46 -40 13 10
99 1.38836 0.18 204800 102400 0.164217 -263 1 -9 18 17
92 7.49145 7.175 7655424 102400 6.54015 -58 85 -28 2 2
52 1.3675 0.198 204800 102400 0.167952 -207 1 -56 7 2
54 7.38647 4.94 5484544 102400 4.16512 -4 58 -24 2 3
67 4.32378 1.084 1126400 102400 0.955735 64 10 -43 12 16
62 6.86629 3.944 4243456 102400 3.42182 24 46 -44 11 12
18 6.63234 2.945 3270656 102400 1.55872 -244 35 -48 15 12
52 7.07334 4.2 4597760 102400 3.52542 62 50 -28 11 4
78 7.56098 7.102 7657472 102400 6.353 -63 86 -28 2 5
49 5.78306 1.833 2048000 102400 1.51412 -229 19 -18 7 14
60 6.08975 3.088 3111936 102400 2.6923 -117 32 -32 0 13
96 7.33436 9.078 9239552 102400 8.34371 4 97 -40 15 3
22 7.0592 3.882 4307968 102400 2.38804 -79 48 -35 14 0
26 5.38324 9.077 6780928 102400 7.08722 -68 76 -35 19 4
72 4.45945 7.902 4962304 102400 7.37618 -129 55 -7 9 13
98 4.8782 1.183 1331200 102400 1.07936 -165 12 -41 6 0
89 6.18562 2.43 2652160 102400 2.20265 68 26 -34 1 1
19 7.00864 3.798 4203520 102400 2.11009 -56 44 -20 3 2
37 6.39891 2.404 2722816 102400 1.84256 -123 26 -41 16 8
87 6.5733 9.279 8445952 102400 8.53834 -171 89 -13 4 1
59 5.5287 1.667 1843200 102400 1.42865 75 17 -3 8 14
17 6.30733 2.482 2745344 102400 1.24992 -181 28 -44 9 9
101 5.60622 1.484 1740800 102400 1.3525 -195 16 -14 17 17
20 7.4629 5.765 6310912 102400 3.35758 1 70 -31 10 8
61 7.42797 7.525 7915520 102400 6.53499 -240 87 -4 2 4
101 0.752181 0.089 102400 102400 0.0812649 -238 0 -21 17 19
45 7.13928 9.078 8993792 102400 7.55317 36 98 -55 12 17
59 7.37527 6.674 7074816 102400 5.75914 -11 78 -48 11 1
44 7.2122 5.146 5540864 102400 4.18524 35 59 -26 10 11
11 6.89075 3.357 3752960 102400 0.754017 -111 38 -10 17 2
45 7.59585 8.318 8847360 102400 6.818 -59 93 -31 1 11
19 5.89476 2.092 2278400 102400 1.17712 70 22 -40 15 18
98 4.13908 1.177 1126400 102400 1.08931 -121 10 -9 1 0
19 7.6745 6.679 7366656 102400 3.72094 49 75 -33 18 7
59 7.26557 5.279 5702656 102400 4.54158 -97 63 -56 2 3
12 7.64378 7.205 7839744 102400 2.22062 -120 84 -6 8 19
109 4.53689 9.079 5715968 102400 8.67891 -148 63 -53 2 6
64 6.19811 4.136 3979264 102400 3.66163 -163 40 -55 9 14
62 5.39812 8.037 6097920 102400 7.28662 -145 63 -6 14 0
28 1.39664 0.173 204800 102400 0.117196 24 1 -57 14 14
83 6.02965 1.853 2150400 102400 1.65533 -11 20 -56 16 3
49 6.2618 2.298 2581504 102400 1.89605 -186 25 -45 19 9
74 7.77078 8.512 9239552 102400 7.5594 -134 93 -36 9 12
98 7.52474 5.729 6329344 102400 5.23625 -111 68 -21 19 15
95 7.38034 4.986 5522432 102400 4.5425 69 58 -59 7 18
55 7.28151 5.056 5512192 102400 4.29137 -58 59 -24 14 7
72 7.46472 7.325 7768064 102400 6.50187 -235 84 -57 4 1
24 6.23794 2.438 2680832 102400 1.58579 -263 26 -35 9 6
71 2.39865 0.366 409600 102400 0.321986 -225 3 -41 14 16
58 3.79401 8.075 4303872 102400 7.50886 -229 47 -18 8 12
40 7.72055 8.072 8755200 102400 6.40208 -245 94 -18 8 14
39 7.7754 7.359 8124416 102400 5.76966 -124 92 -31 0 8
81 7.45945 7.5 7925760 102400 6.75347 36 96 -59 19 6
35 6.58076 3.078 3354624 102400 2.34675 25 33 -32 1 12
91 6.33769 2.19 2527232 102400 1.97812 6 25 -39 16 10
54 7.26172 5.253 5676032 102400 4.45106 32 63 -56 11 10
50 6.27026 2.385 2653184 102400 1.98016 5 25 -21 4 19
97 4.70784 1.262 1331200 102400 1.1573 -263 12 -5 11 0
25 4.83611 1.202 1331200 102400 0.79575 11 12 -37 10 9
59 4.19047 7.754 4585472 102400 7.16104 -209 48 -31 15 9
58 7.50636 7.532 8005632 102400 6.47893 -248 93 -18 9 19
82 6.76455 3.517 3819520 102400 3.16163 -262 40 -32 15 0
108 7.18723 5.14 5516288 102400 4.75032 32 59 -43 17 9
100 7.32818 5.497 5951488 102400 5.04294 -171 65 -33 9 12
88 6.72029 3.37 3671040 102400 3.05173 -98 39 -4 12 16
31 6.2487 8.207 7191552 102400 6.43709 -197 78 -19 6 15
10 3.46564 8.247 4005888 102400 5.19075 -223 45 -16 11 11
15 6.81206 4.189 4418560 102400 1.9416 -93 50 -35 11 11
65 6.53282 4.392 4403200 102400 3.87517 41 48 -19 17 0
107 7.56336 6.846 7417856 102400 6.31709 -241 85 -44 17 16
12 5.55537 8.228 6408192 102400 4.15378 52 70 -27 10 15
46 4.33042 8.748 5276672 102400 7.87283 -124 55 -25 11 3
78 7.66178 7.53 8169472 102400 6.73092 -195 93 -13 10 13
89 7.48925 6.415 6941696 102400 5.81993 -79 75 -21 14 13
25 6.41614 2.497 2804736 102400 1.64106 -82 28 -59 12 17
99 7.23075 5.793 6139904 102400 5.31983 -144 70 -25 10 18
27 5.35588 9.078 6747136 102400 7.17146 55 77 -22 8 2
61 6.67203 3.366 3641344 102400 2.91057 -211 38 -45 1 16
38 6.30665 2.572 2816000 102400 2.00662 -265 30 -10 2 18
106 7.51517 7.764 8232960 102400 7.17143 -50 95 -17 19 9
35 7.61468 7.203 7808000 102400 5.50099 -115 85 -42 14 2
83 5.78126 4.145 3718144 102400 3.80323 58 42 -32 12 16
83 6.04126 8.275 7004160 102400 7.63117 -98 76 -58 5 10
107 7.15549 4.541 4956160 102400 4.18761 -220 53 -49 16 8
68 7.7289 7.758 8461312 102400 6.80867 -191 93 -10 10 6
26 7.36077 6.55 6946816 102400 4.51154 49 83 -38 18 4
68 7.70329 7.651 8330240 102400 6.71637 18 89 -45 5 2
94 6.59324 2.91 3222528 102400 2.64845 39 32 -25 13 3
77 6.45421 3.078 3290112 102400 2.75201 -215 34 -7 1 6
36 7.61181 6.64 7269376 102400 5.09942 -84 78 -1 6 10
74 6.79482 3.48 3805184 102400 3.08769 64 42 -3 7 11
50 7.32982 6.108 6512640 102400 5.11425 -173 74 -6 18 0
34 7.39353 6.788 7197696 102400 5.17288 -120 77 -51 7 4
71 6.66289 9.158 8460288 102400 8.24889 -90 91 -49 15 10
29 6.72164 8.912 8328192 102400 6.721 24 88 -22 7 3
24 5.71533 9.168 7264256 102400 6.85876 -148 83 -18 12 6
11 3.75543 0.745 819200 102400 0.176818 -190 7 -16 2 16
46 5.0581 3.078 2578432 102400 2.65035 -139 25 -9 3 7
105 7.0184 9.087 8849408 102400 8.44399 65 97 -25 2 10
49 5.3453 1.452 1638400 102400 1.1969 -88 15 -50 12 0
21 3.55489 0.613 716800 102400 0.352583 -219 6 -33 16 0
25 4.7833 1.252 1346560 102400 0.841062 -78 13 -30 9 1
90 7.23085 4.251 4746240 102400 3.84866 -232 51 -8 9 19
78 6.31353 2.572 2819072 102400 2.29626 -208 28 -15 7 6
13 3.03253 1.161 819200 102400 0.680231 -208 7 -53 16 17
23 7.2661 5.663 6051840 102400 3.65553 -201 66 -19 7 18
62 5.84301 9.079 7361536 102400 8.17313 -171 80 -31 19 10
52 7.63791 6.852 7496704 102400 5.75209 -259 85 -53 3 11
90 7.25855 5.302 5718016 102400 4.81728 -27 62 -50 7 0
55 4.93261 1.325 1433600 102400 1.12614 -107 13 -13 3 16
88 1.95187 0.259 307200 102400 0.232366 -60 2 -55 6 11
10 6.41815 2.561 2856960 102400 0.381312 -150 28 -7 1 15
37 6.89791 5.008 5180416 102400 3.9398 -101 57 -30 17 19
26 7.40449 6.345 6798336 102400 4.35011 -183 76 -22 17 16
17 5.00799 1.29 1433600 102400 0.646618 -248 13 -48 2 15
107 7.64257 7.351 7977984 102400 6.78215 60 85 -14 9 15
11 7.72992 8.061 8755200 102400 1.98856 38 97 -47 11 13
78 7.51217 6.665 7197696 102400 5.96097 -127 80 -56 15 9
54 7.52634 6.742 7283712 102400 5.71292 -144 84 -10 10 18
26 7.08201 4.462 4835328 102400 3.04313 -175 51 -17 12 18
16 5.25173 8.083 5962752 102400 5.23974 54 65 -55 15 3
41 4.81898 8.013 5429248 102400 7.00271 -193 59 -19 0 2
37 6.7666 9.081 8526848 102400 7.32277 -236 99 -16 0 8
20 7.47568 6 6541312 102400 3.50469 14 72 -35 12 6
85 7.34121 6.492 6875136 102400 5.8749 -105 78 -16 1 12
88 6.41708 3.025 3228672 102400 2.74508 -195 33 -13 11 11
53 3.94017 1.079 1024000 102400 0.931594 -122 9 -1 8 4
50 6.09216 2.172 2415616 102400 1.80341 -193 23 -7 11 17
10 1.57153 1.085 409600 102400 0.7725 -5 3 -33 11 2
79 6.22921 2.598 2801664 102400 2.32743 -22 27 -53 2 9
48 0.752872 0.088 102400 102400 0.071724 -112 0 -21 17 18
51 6.39997 3.078 3262464 102400 2.58995 51 33 -36 7 2
59 7.38439 6.639 7051264 102400 5.72719 -108 82 -57 14 3
63 1.95342 0.258 307200 102400 0.220798 18 2 -1 5 10
13 7.39817 6.462 6900736 102400 2.41212 -82 75 -55 4 14
42 6.81391 3.441 3782656 102400 2.75387 -69 41 -27 7 16
92 6.17606 2.43 2648064 102400 2.2104 -189 25 -19 10 3
11 7.53322 7.457 7963648 102400 1.93356 -189 84 -58 9 16
51 2.83448 1.312 819200 102400 1.18945 -256 7 -54 11 19
105 6.99471 9.079 8812544 102400 8.43867 33 97 -38 10 9
86 6.43599 8.2 7401472 102400 7.54339 37 79 -45 8 17
57 4.33418 1.079 1126400 102400 0.928232 -223 10 -54 12 16
84 0.749428 0.093 102400 102400 0.0836994 -246 0 -19 4 4
76 7.08268 6.053 6244352 102400 5.42615 -264 68 -5 14 13
61 7.40014 5.446 5962752 102400 4.70023 -243 61 -1 12 15
93 6.35209 2.54 2810880 102400 2.30941 56 27 -58 18 18
32 7.51743 6.664 7201792 102400 4.94696 1 82 -22 19 4
57 6.98831 4.241 4578304 102400 3.6282 -17 49 -9 17 14
16 5.00799 1.29 1433600 102400 0.606406 -243 13 -15 2 6
28 7.36174 4.99 5512192 102400 3.48805 52 58 -17 18 8
89 7.02488 4.686 4993024 102400 4.25798 -82 53 -35 12 15
71 7.21506 4.359 4833280 102400 3.83963 66 54 -23 13 10
101 7.31947 5.235 5704704 102400 4.80407 -120 60 -54 3 4
80 7.73465 8.083 8781824 102400 7.2455 89 98 -28 15 1
97 7.66439 7.448 8093696 102400 6.8114 37 89 -2 19 5
90 5.42838 8.05 6140928 102400 7.52943 -230 67 -1 5 10
75 7.70953 7.746 8428544 102400 6.8886 50 93 -5 16 16
101 4.13019 0.785 921600 102400 0.715384 -142 8 -26 2 19
26 5.13906 1.391 1536000 102400 0.940279 58 14 -55 13 14
50 6.61289 4.93 4901888 102400 4.18203 -49 55 -54 5 17
77 7.30904 5.885 6290432 102400 5.26172 -33 72 -57 19 7
69 7.4884 6.895 7390208 102400 6.07786 -84 84 -32 15 2
94 1.93344 0.271 307200 102400 0.246066 -187 2 -56 6 11
46 7.09179 4.451 4832256 102400 3.64954 -11 52 -40 9 11
41 5.31309 3.277 2840576 102400 2.74842 -172 28 -12 12 14
84 6.65448 9.518 8749056 102400 8.72336 -214 98 -14 17 1
90 6.60841 3.113 3397632 102400 2.82498 -60 33 -28 10 7
53 5.68428 1.594 1843200 102400 1.32867 82 17 -1 7 4
47 7.54991 6.771 7333888 102400 5.58051 -226 80 -48 1 1
102 7.30692 5.85 6256640 102400 5.38202 -204 69 -39 10 13
79 5.91672 1.769 2048000 102400 1.57122 -63 19 -4 10 14
101 1.38718 0.181 204800 102400 0.16553 41 1 -58 3 12
93 6.51475 3.108 3345408 102400 2.83355 49 35 -7 17 0
109 7.53698 6.405 6976512 102400 5.91668 50 73 -14 9 7
48 6.78862 3.863 4126720 102400 3.20708 -69 43 -2 15 13
40 4.88663 7.962 5474304 102400 6.91786 -1 59 0 12 7
29 5.7398 2.077 2207744 102400 1.49618 39 21 -8 0 11
35 4.77304 8.062 5406720 102400 6.88343 -265 55 -28 4 7
42 6.01953 2.345 2516992 102400 1.88778 -125 24 -48 7 2
89 7.23444 6.11 6429696 102400 5.55882 -191 70 -1 7 2
25 7.09654 5.2 5499904 102400 3.52156 -14 61 -34 13 13
40 6.6339 2.991 3309568 102400 2.35975 -80 34 -49 7 3
61 7.46291 4.619 5241856 102400 3.96339 -261 55 -32 17 9
107 7.35652 6.894 7259136 102400 6.3764 -76 83 -13 19 12
88 6.3681 2.607 2871296 102400 2.35807 90 28 -9 8 6
58 7.71518 7.695 8385536 102400 6.59196 -229 93 -40 4 4
106 7.74158 6.495 7252992 102400 5.97296 -181 78 -45 1 1
61 7.26502 3.932 4478976 102400 3.37181 -111 47 -23 14 9
11 1.39308 0.176 204800 102400 0.0339545 -245 1 -9 8 16
73 7.58871 6.714 7317504 102400 5.94923 35 79 -25 15 19
36 4.72366 1.081 1228800 102400 0.820583 72 11 -49 14 17
31 6.03105 2.124 2355200 102400 1.54436 -126 22 -42 1 7
88 7.60824 6.074 6727680 102400 5.49073 -123 73 -34 18 5
45 7.34941 6.458 6851584 102400 5.29637 -16 79 -10 8 15
53 7.09786 4.339 4737024 102400 3.6571 -114 50 -14 1 7
14 7.2818 5.931 6308864 102400 2.49294 -240 69 -4 15 3
37 7.50958 6.876 7393280 102400 5.35151 -5 78 -31 19 18
74 2.35956 1.083 614400 102400 1.01966 -182 5 -16 0 17
30 7.26879 4.591 5080064 102400 3.29907 -76 51 -42 11 18
16 5.20519 1.518 1638400 102400 0.73675 -141 15 -24 2 16
92 7.08991 5.185 5481472 102400 4.73043 -80 62 0 14 0
97 7.40698 5.377 5904384 102400 4.9126 18 61 -38 5 3
62 2.41991 0.354 409600 102400 0.303597 78 3 -35 17 14
92 7.52404 6.237 6806528 102400 5.67255 -27 72 -47 10 9
49 6.84474 3.494 3845120 102400 2.89531 -106 40 -35 0 4
88 7.45284 6.227 6732800 102400 5.64328 47 73 -26 7 7
54 7.31876 5.502 5948416 102400 4.66158 40 65 -21 15 4
40 7.35609 9.242 9417728 102400 7.44571 -27 97 -49 15 16
31 5.07896 1.258 1433600 102400 0.905177 -235 13 -45 14 9
28 6.74642 3.177 3522560 102400 2.21718 -221 38 -52 5 16
86 7.01635 5.453 5659648 102400 4.95091 -154 63 -25 5 2
50 6.55856 3.158 3408896 102400 2.63784 -230 35 -56 5 3
25 7.26635 5.771 6150144 102400 3.89412 -238 69 -45 2 11
70 7.36927 6.409 6824960 102400 5.66514 -226 81 -11 7 8
82 6.33041 2.754 2970624 102400 2.47761 44 30 -34 7 3
67 6.92548 4.285 4575232 102400 3.76401 7 49 -4 2 19
55 6.90348 4.252 4532224 102400 3.62331 -45 49 -58 15 12
50 4.82267 1.378 1433600 102400 1.15925 -53 13 -26 15 3
32 4.17673 8.685 5056512 102400 7.47943 58 52 -3 19 17
15 7.54378 8.075 8557568 102400 3.7224 -246 95 -56 10 17
17 5.20656 1.36 1536000 102400 0.670662 -6 14 -3 11 12
32 6.92708 4.473 4739072 102400 3.34312 -66 53 -6 11 1
38 5.26005 1.336 1536000 102400 1.02761 -83 14 -46 11 4
43 1.98018 0.241 307200 102400 0.186494 -228 2 -9 5 9
79 6.43077 9.089 8110080 102400 8.30577 -199 90 -44 7 17
98 6.32359 2.543 2800640 102400 2.32497 -242 28 -41 17 19
71 5.39454 8.125 6153216 102400 7.4638 -153 62 -16 8 19
84 7.01133 3.462 3910656 102400 3.10681 -14 41 -35 8 14
22 4.59907 8.859 5667840 102400 6.89345 -12 59 -29 14 5
52 6.50124 3.08 3315712 102400 2.59352 -194 33 -41 4 5
97 7.56513 6.45 7045120 102400 5.89588 -76 82 -56 16 15
46 0.750114 0.092 102400 102400 0.0750163 -217 0 -53 2 12
101 4.53485 0.987 1126400 102400 0.901913 85 10 -49 3 8
79 7.0261 4.706 5011456 102400 4.22202 -225 55 0 0 10
45 4.89614 1.175 1331200 102400 0.949306 42 12 -6 11 13
29 7.356 6.164 6587392 102400 4.43097 -37 74 -34 7 3
101 3.53425 1.086 921600 102400 1.01638 50 8 -10 6 19
43 6.6407 3.093 3397632 102400 2.49017 -152 34 -21 5 12
31 7.08485 4.772 5111808 102400 3.51394 -24 55 -39 10 1
101 3.94457 0.869 921600 102400 0.799384 50 8 -23 15 5
78 4.78725 8.889 5917696 102400 8.31017 -107 62 -42 8 17
74 7.02567 5.041 5305344 102400 4.49402 -135 59 -45 17 13
41 4.08509 8.05 4621312 102400 7.19005 -117 49 -24 7 6
32 2.86014 0.432 512000 102400 0.30993 -131 4 -52 13 3
106 4.98189 1.302 1433600 102400 1.19882 -35 13 -28 1 15
67 7.35475 5.576 6045696 102400 4.88757 -153 64 -3 14 10
79 7.47718 5.923 6470656 102400 5.2981 -196 73 -3 0 0
29 0.750114 0.092 102400 102400 0.0650603 -113 0 -36 5 7
37 3.45189 8.075 3915776 102400 7.26757 54 41 -27 4 9
88 5.84268 2.278 2394112 102400 2.07044 -27 23 -47 1 7
103 7.77105 7.584 8338432 102400 6.96636 68 88 -41 13 2
57 7.56489 5.376 6029312 102400 4.56898 -146 63 -55 0 16
70 7.30742 5.539 5972992 102400 4.888 -143 66 -40 19 12
48 7.6233 7.14 7756800 102400 5.90709 -256 87 -22 9 19
52 7.25406 5.988 6336512 102400 5.05831 -245 69 -9 3 1
16 7.52913 7.652 8142848 102400 3.76919 71 87 -50 9 2
71 4.5579 8.053 5157888 102400 7.49875 -220 54 -52 15 18
37 7.37223 5.996 6447104 102400 4.66661 -53 73 -13 3 4
43 5.63309 1.763 1945600 102400 1.4178 -119 18 -7 9 15
45 5.36212 3.079 2734080 102400 2.61546 -140 27 -55 4 8
64 7.80846 8.229 9008128 102400 7.15515 -165 94 0 1 17
67 7.39903 5.623 6125568 102400 4.92547 -159 67 -21 17 12
41 7.51399 7.048 7559168 102400 5.64137 -151 84 -22 12 14
59 5.4102 1.574 1740800 102400 1.34889 -231 16 -16 10 1
64 6.6985 3.032 3376128 102400 2.62953 -250 36 -10 12 3
68 7.25977 5.029 5471232 102400 4.41514 -205 60 -48 8 10
64 5.22595 1.508 1638400 102400 1.31269 -5 15 -51 4 1
32 5.75767 9.079 7254016 102400 7.34951 63 85 -14 16 6
60 5.65697 2.319 2347008 102400 2.02056 -123 23 -59 1 10
69 7.09808 4.722 5076992 102400 4.16063 -102 56 -37 5 10
30 4.78893 2.079 1843200 102400 1.61025 -108 17 -4 7 17
30 7.70995 6.581 7306240 102400 4.72293 29 74 -32 5 15
97 7.74869 7.687 8414208 102400 7.02519 -158 94 -57 1 6
102 7.58032 7.693 8237056 102400 7.07688 -261 89 -26 1 9
72 7.09922 4.683 5043200 102400 4.1486 -94 51 -40 3 15
42 6.68371 2.911 3267584 102400 2.31744 -9 34 -21 14 4
18 4.37084 7.97 4900864 102400 5.89274 -121 53 -27 13 5
32 3.99892 7.907 4452352 102400 6.84548 -208 47 -56 11 17
93 5.19336 1.366 1536000 102400 1.23999 -159 14 -37 9 14
88 7.73195 7.994 8692736 102400 7.24036 -23 98 -4 13 17
54 4.52993 1.17 1228800 102400 0.996389 -100 11 -56 5 5
30 2.76551 0.481 512000 102400 0.350792 58 4 -51 13 15
74 6.20811 4.038 3909632 102400 3.63492 36 43 -57 10 19
98 7.55796 7.632 8155136 102400 6.99711 -254 99 -9 3 7
23 5.36245 8.091 6093824 102400 6.0696 -9 67 -10 18 14
102 3.9326 1.083 1024000 102400 1.00641 77 9 -53 2 6
42 4.64419 1.293 1331200 102400 1.05118 75 12 -47 18 16
56 6.99947 9.078 8817664 102400 7.87669 -214 96 -7 1 17
23 7.60782 7.289 7882752 102400 4.67419 7 86 -5 0 17
94 5.68707 9.086 7170048 102400 8.50405 17 78 -27 14 15
35 6.26191 2.625 2837504 102400 2.00647 -70 28 -52 7 12
24 3.7732 1.171 1024000 102400 0.845479 -219 9 -25 16 12
54 4.85153 1.195 1331200 102400 1.00692 56 12 -19 13 5
78 3.93827 1.08 1024000 102400 0.97984 -62 9 -8 17 4
83 1.9663 1.083 512000 102400 1.03594 -242 4 -44 17 7
100 6.82245 4.342 4555776 102400 3.99442 30 51 0 12 8
98 7.08366 4.921 5242880 102400 4.51284 -73 56 -29 9 18
27 7.43483 7.321 7733248 102400 5.13581 -154 84 -13 17 8
32 5.4198 4.207 3527680 102400 3.36594 49 37 -21 8 13
88 6.85012 4.269 4511744 102400 3.87784 64 48 -39 13 17
12 7.35685 5.671 6134784 102400 1.77061 -199 68 -44 18 19
57 6.94365 3.581 3976192 102400 3.04879 -203 42 -46 12 13
66 7.26324 5.863 6231040 102400 5.14271 -215 65 -2 10 12
19 6.31807 3.079 3221504 102400 1.78541 17 31 -59 18 16
20 6.75406 3.353 3675136 102400 1.95105 81 39 -27 11 18
15 4.69538 1.268 1331200 102400 0.590917 -219 12 -27 19 3
105 6.99171 4.406 4724736 102400 4.0627 -267 52 -37 2 5
55 3.79045 8.023 4275200 102400 7.42996 -138 51 -22 3 0
105 3.46468 0.655 716800 102400 0.602917 -261 6 -45 1 13
54 6.39442 8.206 7358464 102400 7.16636 -198 81 -32 15 0
108 5.08603 1.577 1638400 102400 1.46126 -241 15 -20 15 17
15 4.36683 7.997 4911104 102400 5.49908 18 54 -3 6 12
49 1.92587 0.276 307200 102400 0.228168 -266 2 -50 7 11
51 7.47075 6.168 6693888 102400 5.16662 23 72 -6 4 14
84 7.51627 7.063 7575552 102400 6.37494 -177 86 -53 15 10
21 5.91309 2.293 2434048 102400 1.4087 -88 24 -38 18 13
32 5.38302 1.587 1740800 102400 1.17196 -27 16 -30 10 14
84 4.89471 1.343 1433600 102400 1.21279 43 13 -18 14 0
13 5.28495 1.48 1638400 102400 0.518462 -136 15 -33 14 4
62 6.2535 2.66 2861056 102400 2.30793 6 29 -13 5 18
19 7.34043 5.071 5570560 102400 2.83416 -159 63 -11 2 3
13 5.79858 9.087 7311360 102400 4.79613 89 84 -9 7 1
77 6.54512 2.557 2910208 102400 2.26865 -193 29 -17 0 7
84 7.40395 5.841 6331392 102400 5.26594 -151 70 -59 1 2
61 6.15211 2.458 2659328 102400 2.12539 -138 26 -49 5 4
79 7.16344 4.998 5370880 102400 4.47931 65 60 -16 9 12
23 6.06099 2.264 2472960 102400 1.44369 -67 25 -6 18 18
103 7.70474 6.853 7563264 102400 6.29278 24 81 -43 1 3
53 7.19796 5.709 6036480 102400 4.84004 -249 67 -53 19 3
95 7.66115 8.168 8779776 102400 7.4629 -48 94 -6 7 14
90 3.69613 0.773 819200 102400 0.703556 -63 7 -4 3 3
68 6.99916 3.65 4068352 102400 3.19354 -244 46 -7 10 10
65 7.31657 4.447 4981760 102400 3.86226 -107 51 -50 12 2
35 6.77412 4.391 4564992 102400 3.39591 -219 50 -4 17 3
41 4.75105 1.069 1228800 102400 0.840341 5 11 -10 7 10
22 5.44711 8.061 6169600 102400 5.92144 -226 64 -30 18 14
75 6.02177 2.088 2324480 102400 1.85154 -101 22 -5 10 9
12 7.20544 6.092 6387712 102400 2.0308 0 72 -22 9 15
18 6.44562 2.42 2755584 102400 1.25203 61 28 -31 19 18
96 6.84353 9.079 8622080 102400 8.39378 -257 92 -16 6 13
10 6.78209 4.375 4556800 102400 0.898437 83 50 -33 3 18
55 5.56462 1.797 1945600 102400 1.52711 -116 18 -10 18 10
96 0.74806 0.095 102400 102400 0.086862 -73 0 -40 16 5
78 3.9154 7.938 4374528 102400 7.51012 -134 47 -31 12 11
34 2.74623 1.088 716800 102400 0.927154 -227 6 -16 3 19
104 7.37373 6.099 6543360 102400 5.61898 -222 77 -35 4 1
16 6.69281 9.011 8375296 102400 5.01735 -92 91 -43 10 17
83 6.97617 4 4360192 102400 3.59921 64 45 -32 18 3
66 6.86185 3.521 3877888 102400 3.07273 -64 41 -7 2 15
43 6.48118 2.855 3123200 102400 2.30086 -207 32 -29 11 16
100 7.38523 6.718 7124992 102400 6.17441 -116 79 -51 1 16
91 6.73124 4.115 4303872 102400 3.75417 -20 48 -33 0 6
66 7.10527 4.496 4881408 102400 3.93172 -142 54 -8 16 17
50 4.83172 1.204 1331200 102400 1.00087 7 12 -37 18 7
28 7.43249 6.303 6785024 102400 4.45423 -145 74 -13 13 6
62 7.07017 4.879 5195776 102400 4.23964 -233 60 -48 13 16
102 7.50086 7.144 7635968 102400 6.57284 19 85 -11 13 2
46 1.39071 0.178 204800 102400 0.144033 -229 1 -5 4 19
64 7.65473 6.427 7106560 102400 5.57983 -11 76 -42 2 2
24 7.67015 6.144 6849536 102400 3.96659 -254 72 -52 16 16
96 5.77737 1.694 1945600 102400 1.53938 -144 18 -35 7 0
86 6.35744 2.72 2956288 102400 2.45774 -28 30 -51 6 7
17 7.32094 5.396 5853184 102400 2.76916 -69 64 -41 17 17
79 4.82673 1.376 1433600 102400 1.23755 79 13 -5 0 3
42 6.71232 3.197 3521536 102400 2.55731 -112 36 -6 8 9
106 5.62495 1.767 1945600 102400 1.62696 -239 18 -8 16 2
107 6.08743 2.305 2514944 102400 2.12568 -191 25 -49 7 12
103 7.21732 5.027 5437440 102400 4.62424 -8 56 -50 0 2
47 5.41597 1.42 1638400 102400 1.15404 61 15 -11 1 7
104 7.35488 5.577 6046720 102400 5.13342 -21 69 -19 11 9
19 6.76082 3.717 3986432 102400 2.11626 -221 42 -47 12 19
80 4.34865 8.92 5392384 102400 8.40574 39 58 -54 12 9
82 7.15849 5.429 5752832 102400 4.89375 -234 63 -18 1 16
25 7.19283 5.281 5647360 102400 3.55756 -241 61 -42 5 1
89 4.22029 0.941 1024000 102400 0.853219 -163 9 -4 2 1
96 6.82346 3.466 3809280 102400 3.16327 -170 40 -38 16 11
10 7.08906 4.898 5226496 102400 0.9105 -31 56 -11 4 12
48 5.94451 8.109 6768640 102400 7.03315 39 73 -26 17 10
46 4.13856 8.614 4973568 102400 7.7891 -92 53 -55 2 9
43 5.23221 1.505 1638400 102400 1.2143 -252 15 -55 15 19
106 5.77089 1.768 1996800 102400 1.62428 33 19 -7 15 13
47 7.16691 9.078 9028608 102400 7.61241 -130 97 -22 18 18
105 5.35987 3.096 2744320 102400 2.8966 -259 27 -53 12 0
33 5.99957 3.088 3065856 102400 2.37919 -121 31 -58 4 0
101 7.34413 4.769 5296128 102400 4.36894 -160 56 -27 13 5
76 6.79778 3.278 3635200 102400 2.91307 -255 40 -37 8 6
58 7.21192 4.626 5071872 102400 3.95884 59 55 -3 5 11
18 6.37386 4.245 4178944 102400 2.47373 2 43 -47 13 8
55 6.62441 2.878 3211264 102400 2.43255 -233 32 0 19 5
82 6.56416 3.283 3514368 102400 2.95602 -136 36 -56 13 0
40 7.699 7.958 8621056 102400 6.31366 -158 90 -45 3 5
92 7.59105 6.526 7141376 102400 5.93378 -178 78 -42 0 0
74 6.19962 4.144 3986432 102400 3.733 -268 42 -34 8 1
90 4.95356 8.17 5678080 102400 7.68866 43 61 -29 1 7
48 2.88025 0.422 512000 102400 0.34062 -253 4 -14 5 18
91 7.33284 5.332 5804032 102400 4.84539 66 68 -59 4 12
63 5.38925 1.432 1638400 102400 1.23359 -144 15 -57 5 1
31 7.39591 5.988 6460416 102400 4.39803 -81 69 -30 12 4
66 7.10716 4.566 4944896 102400 3.99439 -99 53 -58 10 11
15 6.94138 3.743 4115456 102400 1.64977 -86 46 -7 5 12
101 6.83115 3.413 3768320 102400 3.12835 -189 38 -13 1 6
41 6.44532 4.211 4198400 102400 3.42975 -116 44 -25 13 10
57 2.80529 0.46 512000 102400 0.391469 -189 4 -38 17 7
84 2.37432 0.38 409600 102400 0.342798 -70 3 -2 8 16
46 6.02179 3.077 3068928 102400 2.568 -225 31 -9 17 9
62 6.19949 2.606 2794496 102400 2.26212 -55 27 -4 14 2
82 6.68685 3.36 3644416 102400 3.02092 -107 36 -40 11 9
64 5.70851 1.87 2048000 102400 1.62586 -24 19 -55 8 18
104 5.67638 8.978 7079936 102400 8.45862 -96 80 -12 15 17
32 4.30456 0.903 1024000 102400 0.658859 -144 9 -18 11 10
79 7.64628 6.477 7146496 102400 5.78683 -70 78 -11 3 3
87 7.42513 5.592 6118400 102400 5.05545 25 61 -17 6 7
75 7.10564 5.169 5479424 102400 4.6116 -240 62 -37 12 3
77 1.87732 0.309 307200 102400 0.278562 -150 2 -23 7 18
102 6.03062 4.352 4034560 102400 4.05022 -214 41 -39 14 1
23 7.20973 4.897 5314560 102400 3.13409 -8 61 -42 17 10
15 3.50912 7.962 3931136 102400 5.96252 -5 43 -5 3 12
32 7.35032 6.028 6457344 102400 4.48845 -83 71 -33 5 15
52 6.13262 4.092 3903488 102400 3.51928 -180 41 -22 13 16
69 6.46806 3.03 3258368 102400 2.66972 54 34 -7 6 13
18 6.0381 2.332 2514944 102400 1.26603 -63 24 -27 6 1
32 5.29176 1.322 1536000 102400 0.955789 -150 14 -5 0 5
40 7.63833 8.382 8957952 102400 6.67341 -108 97 -38 13 10
100 7.40513 5.945 6428672 102400 5.45453 -128 72 -18 8 13
23 1.39426 0.175 204800 102400 0.107065 -209 1 -46 14 17
33 5.88878 2.18 2340864 102400 1.63881 -180 22 -48 4 5
96 6.87084 3.713 4047872 102400 3.3913 -37 45 -42 2 5
103 7.17921 5.698 6010880 102400 5.25276 -148 68 -13 5 13
25 6.63307 3.115 3411968 102400 2.07375 -11 35 -37 16 3
43 6.07368 2.62 2748416 102400 2.13235 18 29 -3 0 15
75 3.91941 0.881 921600 102400 0.78725 2 8 -26 15 11
88 2.42528 0.351 409600 102400 0.315489 17 3 -23 15 0
53 5.24457 9.181 6674432 102400 8.22021 -90 71 -19 3 16
51 7.30941 5.034 5513216 102400 4.20925 -145 58 -7 1 8
90 7.43215 6.483 6951936 102400 5.89368 -195 75 -43 7 2
11 7.80738 8.118 8898560 102400 1.94612 -40 97 -20 13 9
61 7.52319 6.485 7038976 102400 5.60462 -42 79 -43 15 3
28 7.70058 8.07 8730624 102400 5.69109 48 94 -24 12 2
29 7.03683 4.915 5202944 102400 3.5462 64 59 -6 17 4
96 7.64292 8.535 9109504 102400 7.81104 -201 99 -36 12 10
58 6.39862 9.1 8078336 102400 8.03737 -113 87 -18 1 8
82 7.65184 8.647 9227264 102400 7.78848 -145 99 -25 15 1
93 6.54228 3.688 3833856 102400 3.37348 -163 42 -14 9 9
91 1.92889 0.274 307200 102400 0.248245 -212 2 -1 12 12
18 7.17313 5.449 5782528 102400 2.99805 -39 67 -46 6 9
77 4.13946 0.781 921600 102400 0.689685 -88 8 -19 12 5
24 7.60587 7.513 8093696 102400 4.94008 -56 92 -26 6 4
49 7.70478 7.997 8665088 102400 6.64783 -23 97 -59 11 0
15 5.91073 2.049 2252800 102400 0.903167 -163 21 -48 7 12
24 5.09475 1.251 1433600 102400 0.795271 -234 13 -54 2 7
58 6.73319 8.165 7713792 102400 7.15032 -260 82 -46 2 13
93 7.27854 5.135 5581824 102400 4.67709 -203 62 -11 16 12
73 5.76709 2.115 2245632 102400 1.8803 -84 22 -3 18 2
109 5.53174 8.106 6296576 102400 7.66527 -93 68 -33 19 4
52 5.07958 1.419 1536000 102400 1.19364 -191 14 -28 7 7
88 7.60241 7.463 8042496 102400 6.76573 4 90 -4 11 14
81 5.15197 1.226 1433600 102400 1.09097 81 13 -16 11 7
97 6.27008 2.926 3077120 102400 2.68397 43 34 -14 15 11
49 7.35353 7.032 7383040 102400 5.88245 -45 86 -52 10 7
12 6.81236 2.961 3373056 102400 0.816469 -124 33 -15 8 0
48 7.49082 6.712 7221248 102400 5.56421 4 80 -54 13 19
46 4.22464 0.939 1024000 102400 0.769163 77 9 -3 15 2
51 6.27319 2.134 2457600 102400 1.76635 -146 23 -21 1 9
104 6.45019 3.078 3288064 102400 2.83679 -244 32 -25 3 14
20 7.65024 8.195 8793088 102400 4.8407 -89 96 -29 1 0
76 0.747377 0.096 102400 102400 0.0857204 -227 0 -49 17 3
97 1.93802 0.268 307200 102400 0.243838 -23 2 -37 10 4
59 6.34181 2.693 2927616 102400 2.31442 86 28 0 2 10
80 6.69938 9.088 8448000 102400 8.28234 33 95 -44 11 17
11 6.24772 2.805 2971648 102400 0.74392 -58 32 -13 8 13
41 5.1795 8.836 6368256 102400 7.65098 -17 67 -1 5 2
82 5.59522 1.688 1880064 102400 1.51308 -50 18 -38 12 10
42 5.79666 2.109 2252800 102400 1.69977 43 21 -28 5 10
59 1.17978 1.083 307200 102400 1.04328 -235 2 -14 4 12
28 1.96592 0.25 307200 102400 0.166295 -104 2 -49 5 19
70 1.39308 0.176 204800 102400 0.153679 78 1 -31 1 2
107 6.70276 2.829 3208192 102400 2.60025 -121 32 -45 12 9
28 6.54492 2.472 2840576 102400 1.698 -48 29 -3 18 5
61 5.78306 1.833 2048000 102400 1.57685 -179 19 -41 15 18
92 6.15919 1.926 2252800 102400 1.73918 26 21 -14 3 10
52 7.50963 7.933 8385536 102400 6.70268 -84 94 -6 16 5
51 6.6027 3.258 3514368 102400 2.73226 -18 39 -41 17 3
45 7.20236 4.969 5373952 102400 4.05789 -84 59 -18 18 4
94 6.46955 3.257 3442688 102400 2.97758 69 38 -52 4 19
76 5.89107 1.642 1945600 102400 1.44669 -262 18 -12 5 6
73 3.53934 1.083 921600 102400 0.986682 -195 8 -27 18 10
68 3.19771 0.537 614400 102400 0.468066 -135 5 -16 13 8
93 3.75486 7.79 4125696 102400 7.45154 4 45 -15 19 15
29 5.30553 2.088 2048000 102400 1.54921 24 19 -17 8 7
26 6.59154 3.085 3365888 102400 2.09732 -181 37 -5 10 1
95 6.43364 2.816 3068928 102400 2.56954 -175 32 -9 16 4
15 6.54997 9.552 8639488 102400 5.15773 90 95 -40 10 5
62 6.83433 3.544 3881984 102400 3.0663 -265 40 -19 19 16
62 6.04267 2.179 2401280 102400 1.88351 -19 23 -20 1 16
19 5.7323 2.001 2150400 102400 1.13751 48 20 -44 0 17
108 6.3266 4.38 4254720 102400 4.07944 79 47 -2 7 13
99 2.46172 0.331 409600 102400 0.299434 59 3 -23 3 15
45 6.55679 9.08 8261632 102400 7.67931 -152 94 -9 18 14
61 6.70687 3.325 3625984 102400 2.87149 -189 39 -12 11 2
79 7.30179 5.286 5737472 102400 4.73191 -132 61 -48 13 16
81 4.90405 8.889 6062080 102400 8.31801 -47 68 -3 13 2
53 4.86261 1.19 1331200 102400 0.998373 -195 12 -6 0 19
33 5.87164 3.198 3081216 102400 2.48564 -120 30 -50 8 8
17 7.46063 6.36 6863872 102400 3.27958 -260 74 -47 1 14
108 6.38652 8.202 7346176 102400 7.68305 20 77 -17 4 7
93 5.48666 8.142 6269952 102400 7.62764 -181 69 -33 19 12
38 6.3372 2.41 2701312 102400 1.86765 -250 26 -36 9 0
36 7.10967 4.367 4769792 102400 3.35615 -42 51 -18 10 18
71 6.95235 8.087 7897088 102400 7.23841 -63 86 -43 15 5
84 7.49696 7.063 7556096 102400 6.37671 49 82 -12 1 3
27 6.51855 9.256 8356864 102400 6.8946 25 90 -23 17 18
61 7.52242 6.978 7501824 102400 6.03973 -85 78 -30 18 19
96 6.8879 4.139 4424704 102400 3.78736 -74 48 -3 7 8
81 7.707 7.582 8267776 102400 6.80326 22 89 -52 18 4
48 7.5144 8.153 8597504 102400 6.78646 36 97 -28 9 4
12 3.54615 1.079 921600 102400 0.493062 -133 8 -18 19 11
89 2.35843 1.084 614400 102400 1.03133 -199 5 -5 18 0
53 5.35246 7.909 5960704 102400 7.05095 -83 65 -15 13 8
15 5.27431 1.485 1638400 102400 0.651667 -145 15 -52 13 19
109 7.64525 8.186 8778752 102400 7.57154 -214 96 -4 10 12
44 1.38718 0.181 204800 102400 0.145489 -84 1 -46 19 14
35 5.37039 1.288 1536000 102400 0.953179 -262 14 -11 15 3
34 7.36565 5.861 6317056 102400 4.44349 -219 68 -35 5 18
86 6.37283 2.774 3006464 102400 2.50728 -242 30 -6 5 0
94 7.4107 6.697 7130112 102400 6.11829 22 76 -9 8 2
61 7.33616 5.816 6250496 102400 5.03424 -241 71 -5 2 8
40 7.5144 6.666 7200768 102400 5.29256 -237 76 -16 3 8
30 7.0532 4.813 5125120 102400 3.50961 -154 55 -57 16 4
106 6.92845 4.265 4559872 102400 3.9368 -87 49 -37 8 15
51 7.46762 6.465 6968320 102400 5.42257 -176 81 -52 17 6
56 7.68964 8.003 8653824 102400 6.82401 -267 92 -20 10 9
28 6.47254 2.545 2868224 102400 1.76347 77 28 -55 16 9
16 7.12073 3.283 3812352 102400 1.46513 43 39 -28 9 12
27 2.39865 0.366 409600 102400 0.250259 -193 3 -36 16 5
27 7.12074 4.973 5316608 102400 3.47069 21 58 -23 2 8
10 5.24267 1.5 1638400 102400 0.25 -34 15 -24 18 15
78 7.35713 5.791 6245376 102400 5.18012 78 70 -49 9 19
55 5.97089 2.6 2686976 102400 2.22727 -156 26 -29 11 9
46 7.29905 5.175 5634048 102400 4.24056 -55 62 -33 10 5
90 7.05231 4.485 4835328 102400 4.0751 -61 53 -29 6 16
98 6.5707 2.891 3195904 102400 2.6422 -154 32 -42 8 13
82 4.06192 0.815 921600 102400 0.729253 -3 8 -34 8 4
96 7.50351 5.807 6384640 102400 5.29959 -263 69 -44 0 16
12 6.08721 2.04 2313216 102400 0.569297 25 22 -7 19 17
44 7.42029 6.867 7297024 102400 5.60173 -163 82 -6 16 8
108 7.52866 6.238 6811648 102400 5.75681 -35 74 -34 18 9
14 6.01757 2.131 2355200 102400 0.847518 -146 22 -12 18 0
48 7.44423 7.568 7972864 102400 6.30075 85 90 -4 10 8
105 6.87452 3.608 3959808 102400 3.32028 -10 41 -15 10 12
80 7.61394 6.328 6974464 102400 5.66286 -33 81 -7 14 2
39 7.4563 5.849 6383616 102400 4.6002 -71 69 -11 8 1
43 6.53914 3.01 3277824 102400 2.42842 -153 33 -36 10 15
91 4.96653 9.172 6315008 102400 8.64255 -74 71 -24 0 0
105 6.40406 2.565 2853888 102400 2.35763 -212 28 -9 5 0
101 7.29835 5.381 5821440 102400 4.94126 -199 65 -26 5 8
54 7.22688 6.309 6602752 102400 5.37613 -15 72 -38 2 10
66 6.40821 2.633 2910208 102400 2.29659 36 29 -53 1 14
77 6.65316 8.242 7686144 102400 7.48043 33 89 -17 19 17
43 5.13047 1.395 1536000 102400 1.12247 -176 14 -59 11 18
64 7.31197 6.001 6398976 102400 5.23818 -258 77 -9 7 6
90 6.64448 4.257 4366336 102400 3.88686 37 50 -20 13 7
77 6.72494 3.06 3412992 102400 2.72183 -240 36 -25 8 13
50 6.54849 2.973 3252224 102400 2.47675 38 34 -28 8 14
68 7.4168 6.356 6819840 102400 5.59083 -7 73 -22 10 19
67 4.85153 1.195 1331200 102400 1.04341 -221 12 -55 5 4
66 6.72583 3.353 3659776 102400 2.92994 -238 37 -45 5 15
52 5.47562 2.402 2328576 102400 2.06035 46 23 -9 18 10
29 7.54114 7.132 7665664 102400 5.1153 42 82 -7 8 9
56 6.39764 2.744 2994176 102400 2.33608 -24 30 -54 18 10
21 7.26547 4.792 5260288 102400 2.88091 86 56 -53 17 9
63 5.74857 1.85 2048000 102400 1.60198 -11 19 -22 12 11
39 7.68319 7.921 8567808 102400 6.24492 -82 95 -9 18 3
88 0.754258 0.086 102400 102400 0.0771222 -69 0 -50 13 17
91 6.11664 2.316 2535424 102400 2.10343 -64 25 -1 5 5
96 7.66005 7.841 8465408 102400 7.16823 13 92 -52 19 6
89 7.5472 7.526 8043520 102400 6.83648 0 92 -39 11 6
32 7.11481 5.001 5337088 102400 3.72854 -28 60 -21 14 9
30 1.38836 0.18 204800 102400 0.127917 34 1 -18 9 11
75 1.40262 0.168 204800 102400 0.147167 -207 1 -26 11 11
61 1.97103 1.078 512000 102400 1.01396 -106 4 -16 7 10
94 5.97009 3.078 3043328 102400 2.83099 54 30 -11 18 15
11 3.15062 1.08 819200 102400 0.511818 -125 7 -28 6 12
15 5.82016 2.088 2246656 102400 0.945292 41 22 -35 12 18
97 5.83226 2.083 2247680 102400 1.90621 79 22 -26 18 1
45 6.53888 3.386 3585024 102400 2.77819 -240 38 -41 0 2
70 5.78823 1.972 2150400 102400 1.73762 -46 20 -47 18 12
100 5.36805 1.289 1536000 102400 1.17181 -135 14 -28 11 7
52 7.22165 4.159 4657152 102400 3.47571 -267 47 -10 6 3
61 6.30119 2.605 2839552 102400 2.24985 -101 29 -28 0 16
98 7.52883 7.574 8069120 102400 6.94581 -83 86 -38 13 9
18 1.40744 0.164 204800 102400 0.0771944 -54 1 -55 9 5
102 7.07028 4.215 4609024 102400 3.87025 -116 50 -18 1 3
106 6.4522 3.078 3289088 102400 2.84127 -26 34 -23 15 8
86 7.55495 8.517 8987648 102400 7.71967 -254 99 -18 19 3
93 4.96039 8.742 6040576 102400 8.24645 -104 64 -45 17 16
49 7.00432 3.884 4276224 102400 3.21818 35 43 -33 18 0
95 6.45547 2.93 3171328 102400 2.67531 19 31 -37 14 11
102 6.47397 3.082 3303424 102400 2.83491 -238 34 -53 8 13
31 7.42798 5.563 6093824 102400 4.06325 -150 68 -4 13 11
86 2.85615 0.434 512000 102400 0.388578 -44 4 -7 14 2
95 5.43342 1.563 1740800 102400 1.4232 -106 16 -39 10 12
57 7.44915 6.136 6644736 102400 5.24661 -264 71 -45 7 9
48 6.7005 3.334 3630080 102400 2.75701 -12 39 -19 2 18
14 4.83756 1.032 1228800 102400 0.362357 33 11 -15 14 15
40 6.11431 3.16 3179520 102400 2.55355 -128 33 -49 12 14
31 5.33442 1.457 1638400 102400 1.05377 9 15 -46 14 0
75 7.30211 5.546 5975040 102400 4.93819 -144 68 -59 15 3
32 2.38816 0.372 409600 102400 0.274344 4 3 -46 16 10
63 5.10384 3.088 2608128 102400 2.77215 -37 26 -39 15 13
107 3.77494 1.17 1024000 102400 1.09699 -219 9 -48 4 13
41 4.45419 8.65 5372928 102400 7.65019 -11 56 -54 13 7
95 6.49963 4.325 4326400 102400 3.97755 -254 47 -22 0 6
70 7.29581 5.692 6103040 102400 5.02682 69 69 -45 16 3
46 7.66789 8.489 9095168 102400 6.98051 77 96 -45 12 0
109 7.55252 7.456 7983104 102400 6.89723 -63 86 -22 14 13
105 5.97663 3.164 3110912 102400 2.93796 -164 31 -30 14 8
51 5.60513 9.08 7062528 102400 8.02347 23 80 -29 10 12
32 4.06926 8.818 4994048 102400 7.62733 -176 54 -10 1 6
42 4.59558 1.139 1228800 102400 0.915786 -170 11 -17 11 15
105 7.53719 7.133 7662592 102400 6.57623 50 84 -27 13 19
18 7.51276 7.54 8019968 102400 4.14069 -71 90 -22 6 17
37 1.38836 0.18 204800 102400 0.13777 -20 1 -55 9 12
24 1.92738 0.275 307200 102400 0.177344 -82 2 -53 17 5
28 7.56027 7.884 8395776 102400 5.59633 -71 98 -42 13 10
87 5.12664 1.237 1433600 102400 1.11128 -200 13 -35 1 1
45 7.59888 7.385 7964672 102400 6.03465 48 85 -46 12 18
100 5.46097 7.945 6106112 102400 7.47914 -1 62 -24 12 14
17 6.94752 4.609 4871168 102400 2.42288 -169 56 -14 4 9
52 6.06279 2.286 2490368 102400 1.92062 -260 26 -51 1 9
88 5.68474 1.882 2048000 102400 1.70444 -167 19 -16 1 7
87 7.35065 5.505 5977088 102400 4.98084 -51 65 -27 11 15
67 5.72047 1.864 2048000 102400 1.63079 -75 19 -15 12 4
42 7.22901 5.517 5889024 102400 4.44725 -100 65 -31 5 1
101 6.29973 2.481 2741248 102400 2.27393 -251 27 -18 13 2
59 5.96748 2.02 2252800 102400 1.72869 -52 21 -6 10 15
106 6.34624 2.369 2672640 102400 2.17664 -99 26 -57 3 5
20 7.00219 4.371 4701184 102400 2.57764 65 53 -10 15 4
109 7.63493 7.957 8548352 102400 7.35866 -86 94 -13 8 1
43 6.73514 9.077 8483840 102400 7.57173 -209 90 -51 9 12
73 7.5169 6.658 7195648 102400 5.90597 76 82 -20 13 9
25 4.59343 1.14 1228800 102400 0.765 17 11 -5 16 17
70 5.44908 9.292 7010304 102400 8.52794 41 77 -23 19 15
28 4.91352 8.078 5575680 102400 6.55875 21 59 -1 17 17
71 6.66817 4.457 4548608 102400 3.96822 -123 52 -46 0 4
76 7.43719 6.24 6730752 102400 5.56432 -106 76 -8 7 7
58 6.35498 2.773 2997248 102400 2.37874 10 33 -30 10 13
75 7.45558 5.008 5599232 102400 4.43842 59 60 -19 9 14
95 6.50017 3.121 3348480 102400 2.85209 34 35 -7 12 12
94 7.64397 7.761 8371200 102400 7.08156 -75 98 -54 9 6
14 1.91089 0.286 307200 102400 0.118589 -45 2 -56 1 2
98 2.85615 0.434 512000 102400 0.39414 -110 4 -44 8 6
29 3.18734 0.542 614400 102400 0.380362 -37 5 -40 3 15
35 7.07219 4.597 4947968 102400 3.51843 64 56 -54 3 0
98 3.94017 1.079 1024000 102400 0.999281 -193 9 -23 11 9
78 7.09579 3.888 4335616 102400 3.46392 -248 44 -1 11 19
71 7.3237 5.105 5588992 102400 4.50443 -3 56 -41 18 17
62 7.53376 7.103 7630848 102400 6.16399 88 81 -29 0 2
45 6.20029 8.049 7013376 102400 6.85994 -155 77 -38 0 16
60 7.52811 6.195 6770688 102400 5.33406 17 75 -32 0 14
38 5.84496 1.803 2048000 102400 1.39182 -212 19 -35 11 13
26 7.5063 7.352 7836672 102400 5.05242 -61 89 -2 15 17
46 5.16885 8.758 6304768 102400 7.71231 -138 68 -38 13 12
99 5.92443 2.23 2392064 102400 2.04566 -152 23 -31 5 8
43 6.42041 3.421 3548160 102400 2.79146 62 39 -10 8 3
56 7.15971 5.389 5718016 102400 4.60998 -265 61 -31 10 6
66 7.28051 5.31 5742592 102400 4.64617 -79 62 -2 6 5
102 7.09446 3.688 4157440 102400 3.37703 -259 44 -27 17 0
73 7.50237 6.948 7453696 102400 6.169 37 81 -52 3 18
32 6.98077 9.078 8794112 102400 6.98132 49 96 -58 1 3
67 5.4962 8.226 6338560 102400 7.50422 -188 68 -22 8 1
22 7.28806 5.544 5961728 102400 3.47653 33 65 -49 8 4
103 7.26405 4.739 5211136 102400 4.353 -269 56 -49 18 8
80 6.88192 4.547 4771840 102400 4.09192 -6 56 -4 12 1
93 7.42897 7.665 8046592 102400 7.00489 23 92 -12 9 14
81 6.60767 9.078 8324096 102400 8.29395 -20 92 -49 6 14
69 6.74356 3.033 3399680 102400 2.65709 -249 35 -51 7 10
38 6.96215 4.709 4968448 102400 3.71147 16 52 -40 18 0
91 7.65537 8.634 9219072 102400 7.86108 59 98 -50 2 16
80 7.18249 5.663 5982208 102400 5.09249 -170 65 -29 18 14
58 7.01421 9.079 8837120 102400 7.91655 -11 94 -49 11 19
95 3.15213 1.079 819200 102400 1.01321 -215 7 -31 12 13
68 4.98189 1.302 1433600 102400 1.14115 -249 13 -52 19 3
67 6.825 3.519 3855360 102400 3.07998 -51 39 -36 2 14
105 7.362 6.581 6976512 102400 6.07408 -47 80 -54 1 18
75 7.55106 7.833 8337408 102400 6.98487 82 95 -22 10 15
89 6.85887 4.279 4526080 102400 3.89101 42 50 -16 14 13
93 7.57497 7.392 7946240 102400 6.74012 -64 89 -49 7 8
43 7.35422 6.755 7129088 102400 5.4901 15 92 -4 15 17
108 7.46037 6.503 6996992 102400 6.00871 56 80 -15 4 18
16 4.25683 2.079 1638400 102400 1.29775 -44 15 -46 14 9
22 6.9358 3.122 3573760 102400 1.88265 -152 37 -7 2 2
63 7.51986 7.813 8284160 102400 6.80978 -35 95 -39 8 8
82 6.5105 3.273 3477504 102400 2.94945 -244 38 -39 1 4
85 5.87021 2.084 2263040 102400 1.88087 74 22 -58 0 6
25 7.50079 6.918 7424000 102400 4.65237 -120 81 -39 10 16
106 5.33662 3.077 2719744 102400 2.88125 -116 27 -34 4 18
12 1.37785 0.189 204800 102400 0.0587917 -19 1 0 11 13
29 7.38275 6.421 6848512 102400 4.61928 13 74 -17 4 11
19 6.48586 4.282 4282368 102400 2.56243 -261 47 -28 13 15
99 5.81624 2.376 2454528 102400 2.18684 -247 24 -3 13 19
21 6.66577 3.23 3524608 102400 1.94949 -192 38 -39 3 17
42 4.96894 1.308 1433600 102400 1.04758 -32 13 -40 12 11
51 2.80145 0.462 512000 102400 0.385407 -154 4 -11 0 17
47 7.35411 4.124 4710400 102400 3.35937 -181 50 -26 15 11
105 7.45274 6.082 6597632 102400 5.60261 32 78 -36 0 9
55 3.66392 0.565 716800 102400 0.465568 -9 6 -52 13 8
81 6.48393 2.631 2942976 102400 2.3538 9 29 -53 14 4
102 5.04101 1.275 1433600 102400 1.16777 -230 13 -23 5 16
29 7.56232 6.729 7306240 102400 4.80686 -161 81 -39 11 10
100 5.39255 8.297 6266880 102400 7.81887 -122 69 -45 8 7
19 4.68315 1.099 1228800 102400 0.605579 -179 11 -17 16 18
17 7.07491 5.388 5649408 102400 2.85261 -185 63 -59 0 19
71 5.28965 8.244 6112256 102400 7.5872 54 64 -50 1 15
54 4.14878 0.777 921600 102400 0.646792 -56 8 -29 17 6
58 6.63839 3.05 3360768 102400 2.60792 -74 34 -57 18 14
44 7.20065 5 5400576 102400 4.06357 -56 57 -20 5 15
107 7.69296 7.866 8525824 102400 7.25809 -49 93 -37 13 12
19 7.06858 4.878 5193728 102400 2.79247 -156 58 -59 15 0
86 3.44802 0.663 716800 102400 0.59941 -117 6 -52 12 0
52 6.23727 2.265 2545664 102400 1.8915 -207 24 -54 11 2
74 6.52194 2.488 2843648 102400 2.19482 -228 28 -13 3 6
58 5.14504 1.229 1433600 102400 1.04042 87 13 -23 9 11
14 4.15435 1.169 1126400 102400 0.555161 -185 10 -48 9 14
32 7.45759 6.798 7269376 102400 5.06485 -164 81 -57 2 12
98 5.55997 1.652 1843200 102400 1.50851 -268 17 -25 3 11
44 2.82658 0.449 512000 102400 0.360222 -172 4 -17 8 19
18 6.65274 2.976 3306496 102400 1.57452 -25 35 -25 5 0
79 5.16357 1.221 1433600 102400 1.08255 -247 13 -6 10 5
56 6.69658 4.106 4274176 102400 3.52369 -137 44 -41 12 15
65 2.88993 8.034 3263488 102400 7.65095 -127 34 -38 17 18
41 7.08761 3.607 4081664 102400 2.84747 -58 42 -29 19 15
71 7.55709 7.775 8289280 102400 6.88426 -21 91 -56 3 6
90 7.53215 6.897 7435264 102400 6.2667 32 82 -6 8 2
13 6.22935 2.352 2610176 102400 0.820149 -248 26 -41 17 19
105 4.83043 1.035 1228800 102400 0.945714 -149 11 -53 15 11
17 7.51355 6.27 6828032 102400 3.20566 -98 78 -50 7 2
34 5.88929 1.921 2150400 102400 1.43846 49 20 -42 11 6
16 7.05856 4.602 4942848 102400 2.24507 -110 56 -22 11 1
15 4.25536 0.925 1024000 102400 0.404167 -209 9 -40 18 15
17 0.750114 0.092 102400 102400 0.0460441 43 0 -19 18 5
100 7.54492 5.521 6150144 102400 5.05178 -249 66 -46 7 1
65 7.42927 5.66 6184960 102400 4.93404 -31 66 -22 12 0
68 5.0228 8.086 5704704 102400 7.44595 -62 61 -31 2 16
36 5.14189 1.549 1638400 102400 1.20178 1 15 -28 11 3
76 6.33149 9.079 7976960 102400 8.27822 -250 85 -11 8 7
57 4.05522 0.818 921600 102400 0.694645 -31 8 -14 19 9
19 2.41991 0.354 409600 102400 0.189526 85 3 -16 3 8
83 5.96898 1.882 2150400 102400 1.68433 -261 20 -47 9 7
86 7.66923 8.388 8999936 102400 7.58958 -144 99 -36 0 15
40 7.63227 8.251 8825856 102400 6.5676 -118 95 -35 14 7
71 6.56259 2.57 2928640 102400 2.2553 -160 29 -52 9 2
18 6.12467 2.21 2457600 102400 1.16833 42 23 -35 15 1
14 7.52122 7.147 7659520 102400 2.97289 52 81 -32 11 2
95 6.41068 2.822 3062784 102400 2.57603 -197 32 -47 12 8
23 5.3042 1.471 1638400 102400 0.927522 -267 15 -56 7 3
41 6.30572 2.466 2732032 102400 1.95762 -132 27 -30 7 1
27 6.63748 3.211 3493888 102400 2.22373 -109 40 -53 10 5
71 5.93799 2.035 2252800 102400 1.79292 64 21 -54 17 18
84 7.18896 9.079 9057280 102400 8.25636 -138 98 -45 6 13
30 6.60081 9.086 8322048 102400 6.96959 -112 88 -55 5 1
51 4.32865 8.118 4933632 102400 7.37995 -224 51 -3 4 17
35 7.21243 5.022 5429248 102400 3.83852 -157 58 -32 13 9
79 3.37929 7.933 3773440 102400 7.56858 -29 38 -48 5 6
20 6.71022 3.766 3997696 102400 2.241 -224 43 -31 0 13
94 5.92132 3.077 3017728 102400 2.83207 -125 30 -54 9 18
100 6.14992 2.354 2578432 102400 2.15728 -248 25 -56 1 17
36 5.15605 1.542 1638400 102400 1.19478 44 15 -5 5 0
53 7.75231 7.833 8559616 102400 6.60084 -176 95 -59 17 13
69 2.35053 1.091 614400 102400 1.02307 -71 5 -56 12 10
55 6.7903 3.787 4063232 102400 3.22336 -9 43 -1 16 10
16 6.63079 3.088 3388416 102400 1.47228 21 35 -42 18 9
44 6.5664 3.173 3425280 102400 2.57907 -242 33 -28 7 19
50 6.3125 2.679 2903040 102400 2.23603 -80 29 -54 10 7
79 7.59736 8.259 8793088 102400 7.40981 -182 99 -14 11 2
75 5.16619 8.078 5862400 102400 7.48165 -146 66 -53 12 7
71 7.27771 6.124 6480896 102400 5.42759 -156 72 -57 17 15
97 6.67466 4.232 4365312 102400 3.88865 -15 47 -28 10 5
71 5.7141 9.077 7197696 102400 8.30356 -207 79 -30 7 14
25 6.09865 3.078 3108864 102400 2.12925 -194 31 -9 1 4
36 6.31419 8.166 7234560 102400 6.6328 -120 81 -53 12 3
30 6.63934 3.311 3577856 102400 2.4011 -217 39 -18 17 2
23 7.23626 4.915 5350400 102400 3.1402 -23 59 -58 4 6
39 5.38461 9.079 6784000 102400 7.75188 26 75 -58 2 8
105 7.09749 3.933 4376576 102400 3.61499 80 44 -45 0 7
107 5.8295 2.069 2236416 102400 1.90954 18 21 -41 1 10
62 7.30999 5.716 6136832 102400 4.96083 60 69 0 12 11
90 7.20493 5.358 5726208 102400 4.87258 72 65 -52 3 18
50 4.27089 0.918 1024000 102400 0.76175 -208 9 -54 15 10
53 6.64139 3.005 3324928 102400 2.52637 28 35 -17 0 11
57 7.71183 8.419 9079808 102400 7.20368 -11 93 -22 14 10
33 7.91176 8.357 9253888 102400 6.21756 -43 99 -44 11 3
76 2.81106 0.457 512000 102400 0.405602 -109 4 -53 4 17
93 3.15062 1.08 819200 102400 1.0128 -161 7 -54 17 19
80 6.4369 2.389 2726912 102400 2.12894 -83 27 -20 5 11
95 5.58102 1.642 1843200 102400 1.49397 -79 17 -28 15 14
100 3.54274 1.081 921600 102400 1.01069 -251 8 -44 3 4
22 7.36999 4.811 5353472 102400 2.95447 -219 56 -35 13 18
51 7.14903 9.078 9006080 102400 7.73073 -63 96 -15 12 10
82 4.71646 8.961 5872640 102400 8.4146 89 63 -20 7 7
67 4.20944 0.946 1024000 102400 0.829396 -254 9 -50 3 0
63 6.47235 4.231 4232192 102400 3.71848 -154 47 -55 18 14
98 7.25787 5.692 6071296 102400 5.21934 -143 66 -22 6 11
29 5.54119 9.081 6982656 102400 7.24398 -206 81 -24 6 9
100 6.86356 3.681 4016128 102400 3.37459 -166 44 -33 9 16
79 6.91856 3.851 4195328 102400 3.44584 -252 47 -46 0 15
73 6.07734 2.235 2457600 102400 1.97815 -43 23 -1 6 2
48 2.40041 0.365 409600 102400 0.299896 -134 3 -4 6 3
92 7.29523 4.966 5440512 102400 4.51483 26 57 -1 0 8
41 5.98696 2.251 2433024 102400 1.79826 -64 24 -12 0 7
