39 18.0074 1.411 5427200 102400 0.349301 -259 52 -36 14 13
51 13.3493 1.025 3379200 102400 0.519485 -105 32 -8 15 14
18 13.9752 1.286 3993600 102400 -0.406708 -247 38 -29 5 15
75 19.823 0.281 3174400 102400 -0.0419167 -119 30 -28 6 11
57 26.2835 1.618 8601600 102400 0.466684 50 83 -27 11 7
16 11.7428 1.023 2969600 102400 -0.393016 -19 28 -53 9 15
28 17.0009 1.361 5017600 102400 -0.0061875 -30 48 -26 4 13
21 24.8328 1.606 8089600 102400 -1.33299 71 78 -20 17 8
86 24.689 1.588 7987200 102400 0.879424 -157 77 -32 0 8
76 24.5527 1.569 7884800 102400 0.77747 -17 76 -16 7 11
25 23.1153 1.587 7475200 102400 -0.69425 -24 72 0 16 1
68 26.4944 1.659 8806400 102400 0.670949 -37 85 -43 14 19
79 0.0336689 8.489 39936 102400 8.48514 -133 22 -59 18 15
89 28.78 1.704 9728000 102400 0.870081 -216 97 -5 3 3
17 29.8656 1.688 10035200 102400 -2.81568 -173 97 -10 13 2
98 0.0864662 9.99 118784 102400 9.98075 -171 74 -59 10 2
18 29.6779 1.705 10035200 102400 -2.54847 -239 98 -20 0 14
20 19.4415 0.264 3072000 102400 -0.907875 -176 29 -7 4 11
30 14.9327 1.304 4300800 102400 0.21025 -108 41 -39 13 4
18 11.3378 1.023 2867200 102400 -0.192278 -81 27 -33 14 9
106 0.0636077 9.947 87040 102400 9.94074 -208 48 -59 5 12
13 19.3825 1.409 5836800 102400 -2.01648 67 56 -26 19 19
43 21.4544 1.52 6758400 102400 0.320872 1 65 -47 9 5
56 18.5394 1.386 5529600 102400 0.632652 -97 53 -33 8 6
43 5.41441 0.059 716800 102400 -0.0681802 -61 6 -47 10 6
95 25.5406 1.63 8396800 102400 0.955658 -27 81 -17 9 6
98 14.6663 1.29 4198400 102400 0.963151 -210 40 -6 12 15
34 15.1309 0.191 2252800 102400 -0.314515 79 21 -55 10 13
58 9.32706 1.02 2355200 102400 0.710194 -176 22 -8 18 8
78 25.6381 1.62 8396800 102400 0.798686 -55 81 -54 17 7
11 4.54648 0.081 614400 102400 -0.345136 -129 5 -57 15 3
61 27.3259 1.698 9216000 102400 0.545336 -258 90 -11 19 3
92 24.2244 1.57 7782400 102400 0.92462 -168 75 -49 11 18
91 19.9006 0.276 3174400 102400 0.00985989 -7 30 -43 5 18
47 1.57523 0.04 204800 102400 0.00675532 -2 1 -58 3 9
74 27.3563 1.695 9216000 102400 0.744831 -193 91 -13 11 8
27 22.1744 1.549 7065600 102400 -0.447528 -225 68 -15 4 4
35 17.6019 1.42 5324800 102400 0.259286 -85 51 -53 13 5
59 19.8892 1.43 6041600 102400 0.64875 -27 58 -32 12 8
18 27.5667 1.615 9011200 102400 -2.20444 -100 87 -50 1 2
103 23.9101 1.501 7475200 102400 0.947299 11 72 -32 14 3
20 21.1246 1.443 6451200 102400 -1.01794 45 62 -45 14 8
74 26.818 1.688 9011200 102400 0.758946 -156 87 -26 0 18
72 10.2117 0.123 1433600 102400 -0.0289097 10 13 -52 15 18
45 22.8172 1.549 7270400 102400 0.316361 -135 70 -34 3 2
93 25.442 1.608 8294400 102400 0.927556 -257 80 -35 5 7
38 16.3485 1.355 4812800 102400 0.388717 39 46 -13 12 0
84 15.7464 1.341 4608000 102400 0.922473 1 44 -18 9 11
104 13.4408 1.255 3788800 102400 0.977055 -255 36 -26 2 2
13 25.2716 1.658 8396800 102400 -3.26988 -149 81 -41 2 12
12 26.9138 1.648 8908800 102400 -4.01606 -171 86 -32 6 8
40 26.2234 1.624 8601600 102400 -0.016625 -159 83 -47 4 18
60 18.7315 1.449 5734400 102400 0.719833 30 56 -52 11 17
49 26.5946 1.803 9318400 102400 0.352107 -93 96 -57 17 10
101 15.2287 1.313 4403200 102400 0.980389 -249 42 0 14 10
59 16.3624 1.353 4812800 102400 0.730648 -221 46 -21 0 13
98 12.0734 1.239 3379200 102400 0.975926 -268 32 -28 12 0
96 27.9611 1.666 9318400 102400 0.92544 -45 90 -6 10 13
108 24.4248 1.616 7987200 102400 1.05176 56 77 -31 10 3
91 14.9068 1.308 4300800 102400 0.947423 -155 41 -19 5 12
66 25.7639 1.639 8499200 102400 0.656519 -123 82 -54 8 12
90 15.6661 1.353 4608000 102400 0.962375 -238 44 -35 11 15
13 22.0242 1.492 6860800 102400 -2.53444 -255 66 -44 15 1
83 18.4466 1.398 5529600 102400 0.889717 51 53 -26 11 15
27 2.85563 1.008 716800 102400 0.805454 -160 6 -48 16 6
69 23.3868 1.592 7577600 102400 0.754138 -260 73 -29 3 15
53 14.3148 1.289 4096000 102400 0.699377 -16 39 -6 10 4
12 16.3001 1.362 4812800 102400 -1.6979 41 46 -19 3 2
24 18.2175 0.259 2867200 102400 -0.652458 -54 27 -53 9 6
26 12.9384 1.026 3276800 102400 0.0644615 -98 31 -16 14 1
28 18.7786 0.265 2969600 102400 -0.544152 -192 28 -27 18 5
91 20.7638 1.446 6348800 102400 0.91372 83 61 -8 8 5
77 22.1555 0.331 3686400 102400 -0.0342597 -207 35 -22 9 19
40 25.2388 1.629 8294400 102400 0.0469687 -78 81 -4 13 15
38 29.3738 1.733 10035200 102400 -0.281803 -140 98 -26 17 12
77 16.3903 1.349 4812800 102400 0.872133 79 46 -19 12 6
52 16.7946 1.39 5017600 102400 0.653822 51 48 -3 11 19
84 20.4627 1.482 6348800 102400 0.905363 -242 61 -43 8 5
107 19.0815 1.447 5836800 102400 1.03082 -202 56 -46 0 19
68 24.756 1.581 7987200 102400 0.68486 -201 77 -55 14 5
15 17.2031 0.238 2662400 102400 -1.11617 -244 25 -53 2 14
69 29.2667 1.743 10035200 102400 0.633399 -43 99 -1 5 16
77 26.475 1.63 8704000 102400 0.767581 -165 85 -53 5 4
109 12.0148 0.159 1740800 102400 0.0371537 -187 16 -33 19 12
38 4.07542 1.01 1024000 102400 0.804408 4 9 -54 0 0
85 26.4745 1.661 8806400 102400 0.870559 -65 85 -25 0 7
33 21.9524 0.306 3584000 102400 -0.522598 -212 34 -12 8 6
64 28.077 1.655 9318400 102400 0.54416 -179 90 -26 9 17
63 5.38391 0.065 716800 102400 -0.0218056 19 6 -35 18 11
49 21.3907 0.302 3481600 102400 -0.240092 -159 33 -18 17 10
73 6.07085 1.024 1536000 102400 0.863469 -263 14 -41 17 15
108 26.7924 1.66 8908800 102400 1.03066 -72 86 -28 7 5
63 3.91924 0.045 512000 102400 -0.017004 -7 4 -30 4 14
89 5.38897 0.064 716800 102400 0.00255337 -118 6 -39 8 6
26 23.3031 1.531 7372800 102400 -0.632462 5 71 -25 9 9
17 20.4305 0.283 3276800 102400 -1.18759 -73 31 -49 10 18
106 19.1657 1.479 5939200 102400 1.05152 27 57 -1 18 17
79 17.541 1.335 5120000 102400 0.840538 68 49 -15 0 4
100 17.282 1.37 5120000 102400 0.979375 -6 49 -52 10 6
31 5.4093 0.06 716800 102400 -0.116411 -98 6 -9 1 17
25 11.3099 1.028 2867200 102400 0.153 22 27 -26 2 6
101 13.8601 0.182 2048000 102400 0.027297 -34 19 -20 12 5
46 19.9149 1.468 6144000 102400 0.448978 -96 59 -46 7 4
26 1.58591 0.033 204800 102400 -0.0270962 -207 1 -33 4 11
35 18.9422 1.465 5836800 102400 0.192679 79 56 -16 6 13
35 28.2682 1.695 9523200 102400 -0.380893 -189 92 -31 19 14
75 12.0148 0.159 1740800 102400 -0.0180833 -90 16 -7 15 3
91 18.4851 1.393 5529600 102400 0.929401 -7 53 -55 18 13
51 17.2747 1.371 5120000 102400 0.605069 17 49 -37 14 0
89 7.7126 1.018 1945600 102400 0.851216 -229 18 -30 4 5
83 19.6248 1.421 5939200 102400 0.875066 1 57 -5 10 14
52 27.7943 1.682 9318400 102400 0.314812 -208 90 -3 9 13
105 23.899 1.605 7782400 102400 1.03952 -161 75 -36 7 10
79 27.5013 1.651 9113600 102400 0.770858 39 88 -7 16 5
73 17.0225 1.358 5017600 102400 0.833599 -233 48 -37 2 17
24 13.3815 1.265 3788800 102400 0.0605729 -146 36 -6 13 3
18 19.4147 1.405 5836800 102400 -1.06896 -202 56 -3 6 1
62 19.003 1.414 5734400 102400 0.708355 -246 55 -23 3 11
97 23.6145 1.567 7577600 102400 0.970995 -142 73 -34 7 2
93 17.2207 1.426 5222400 102400 0.997573 -204 50 -26 15 11
33 29.5359 1.718 10035200 102400 -0.602076 -235 97 -5 2 4
54 20.2569 0.294 3276800 102400 -0.168963 -61 31 -46 17 0
91 17.037 1.356 5017600 102400 0.935327 -234 48 -2 19 1
82 17.3118 2.265 7065600 102400 1.60761 43 68 -58 16 16
63 6.11857 0.071 819200 102400 -0.0282064 -242 7 -36 2 16
81 19.0649 0.246 2969600 102400 -0.0337068 -183 28 -19 17 13
44 11.5066 0.139 1638400 102400 -0.145091 -269 15 -44 16 17
104 6.52067 1.01 1638400 102400 0.889808 -104 15 -43 15 6
62 12.9912 0.198 1945600 102400 -0.0414153 -251 18 -57 1 13
20 19.456 1.442 5939200 102400 -0.823625 -96 57 -6 13 13
25 21.2601 0.31 3481600 102400 -0.7525 -45 33 -49 11 17
74 1.60297 0.022 204800 102400 0.000885134 79 1 -17 6 13
16 19.9385 1.424 6041600 102400 -1.45686 72 58 -49 5 12
58 19.7915 1.442 6041600 102400 0.64728 -162 58 -15 19 6
11 8.15419 0.105 1126400 102400 -0.67625 -121 10 -23 10 13
27 22.3233 1.532 7065600 102400 -0.464528 -59 68 -30 18 4
58 25.1392 1.672 8396800 102400 0.567474 7 81 -11 12 19
40 18.7882 1.398 5632000 102400 0.323781 -257 54 -32 1 0
13 12.5775 1.019 3174400 102400 -0.843981 -83 30 -32 19 19
20 19.5924 1.425 5939200 102400 -0.840625 -82 57 -37 16 7
13 25.0442 1.584 8089600 102400 -3.1636 0 79 0 1 19
22 3.14442 0.042 409600 102400 -0.100045 26 3 -37 14 3
45 15.1176 1.33 4403200 102400 0.583472 -3 42 -44 3 1
70 27.8506 1.706 9420800 102400 0.679214 -34 91 -48 6 16
45 9.34094 1.017 2355200 102400 0.617694 13 22 -1 8 17
103 27.8984 1.672 9318400 102400 0.981769 -206 91 -14 7 13
31 19.5924 1.425 5939200 102400 -0.0366935 -15 57 0 12 4
52 19.2589 1.467 5939200 102400 0.595606 -203 57 -48 10 16
28 18.6174 1.42 5632000 102400 -0.114598 -15 54 -56 9 8
37 5.36376 0.069 716800 102400 -0.0788041 -64 6 -57 2 9
13 14.504 0.186 2150400 102400 -1.07602 -17 20 -38 3 3
34 10.1231 1.023 2560000 102400 0.448551 -148 24 -21 5 10
99 13.2006 0.179 1945600 102400 0.0290631 53 18 -13 11 9
41 3.66605 1.011 921600 102400 0.839506 -13 8 -14 15 1
58 4.89294 1.009 1228800 102400 0.847362 -36 11 -51 17 3
48 17.7708 1.397 5324800 102400 0.550646 -133 51 -15 6 1
68 10.835 0.134 1536000 102400 -0.0383346 0 14 -33 2 9
42 16.6469 1.362 4915200 102400 0.469143 -249 47 -47 8 18
22 12.0148 0.159 1740800 102400 -0.444693 -86 16 -7 2 13
94 9.57612 0.112 1331200 102400 0.00395479 -154 12 -23 15 10
89 24.2262 1.536 7680000 102400 0.877643 90 74 -49 7 11
95 13.7068 1.271 3891200 102400 0.9585 -142 37 -44 10 14
20 22.9703 1.532 7270400 102400 -1.24144 73 70 -18 3 4
12 9.29485 1.027 2355200 102400 -0.470396 -45 22 -7 14 5
102 14.012 1.28 3993600 102400 0.981287 -203 38 -32 11 10
108 23.3955 1.521 7372800 102400 1.00017 63 71 -20 13 13
103 13.2239 1.292 3788800 102400 1.01136 -111 36 -26 11 5
75 3.15958 0.037 409600 102400 -0.00466667 -91 3 -37 18 4
69 13.8953 0.179 2048000 102400 -0.0474493 83 19 -29 8 4
104 1.62693 1.014 409600 102400 0.983952 -97 3 -7 0 14
35 28.4264 1.68 9523200 102400 -0.395893 66 92 -48 7 7
10 13.2681 0.173 1945600 102400 -1.31138 -72 18 -33 5 6
82 13.3363 0.167 1945600 102400 -0.0140213 -17 18 -49 3 11
15 26.2919 1.586 8499200 102400 -2.73692 -43 83 -46 14 19
40 29.2988 1.74 10035200 102400 -0.174063 -43 99 -43 12 5
61 19.0821 1.404 5734400 102400 0.686787 0 55 -34 17 4
30 3.15047 0.04 409600 102400 -0.0641667 20 3 -53 13 19
13 28.6401 1.66 9523200 102400 -3.92894 36 92 -7 10 3
13 0.0164827 7.449 17408 102400 7.43878 59 8 -59 19 6
51 12.384 1.249 3481600 102400 0.728167 -157 33 -8 16 3
81 15.4819 1.381 4608000 102400 0.946972 -184 44 -7 9 14
53 15.4958 1.326 4505600 102400 0.677415 -6 43 -48 16 1
42 0.0786605 9.935 107520 102400 9.91547 -71 98 -59 10 15
85 26.9685 1.673 9011200 102400 0.864176 -243 87 0 13 18
86 22.6271 1.498 7065600 102400 0.871183 -125 68 -52 12 1
106 29.1405 1.783 10137600 102400 1.05334 -83 99 -3 1 0
22 28.3855 1.655 9420800 102400 -1.61205 -128 91 -10 1 11
104 28.8694 1.724 9830400 102400 1.00285 -89 96 -44 0 9
101 15.5446 0.212 2355200 102400 0.0340916 -7 22 -10 5 16
106 22.5459 1.507 7065600 102400 0.99845 -25 68 -19 5 3
54 28.1014 1.711 9523200 102400 0.365514 -147 93 -24 0 14
31 3.6697 1.009 921600 102400 0.782185 -5 8 -24 16 6
99 21.9564 1.537 6963200 102400 1.00038 -7 67 -21 7 0
108 12.351 1.255 3481600 102400 1.00905 -117 33 -1 14 12
37 28.9729 1.686 9728000 102400 -0.319912 -117 94 -19 14 12
18 23.0752 1.556 7372800 102400 -1.569 88 71 -11 4 16
79 25.3574 1.649 8396800 102400 0.838082 62 81 -21 10 15
13 8.19871 0.099 1126400 102400 -0.562058 16 10 -3 5 2
35 0.81549 1.009 204800 102400 0.964357 -159 1 -27 13 16
87 18.0598 1.404 5427200 102400 0.928066 -45 52 -35 8 19
59 18.749 0.267 2969600 102400 -0.117004 -199 28 -3 16 15
97 14.5285 0.184 2150400 102400 0.0148634 -72 20 -28 1 6
106 18.2865 1.419 5529600 102400 1.021 -269 53 -30 3 17
79 24.1024 1.617 7884800 102400 0.855528 -47 76 -1 11 8
18 14.4641 1.322 4198400 102400 -0.457514 -37 40 -9 10 19
35 4.07542 1.01 1024000 102400 0.786786 -148 9 -41 8 12
55 9.5418 0.116 1331200 102400 -0.0686591 -17 12 -25 12 10
85 28.6107 1.72 9728000 102400 0.846838 -206 94 -22 18 8
55 16.0895 1.342 4710400 102400 0.688591 -185 45 -37 5 15
82 4.6497 0.057 614400 102400 -0.000164635 -20 5 -15 14 6
90 17.2166 1.379 5120000 102400 0.944972 -28 49 -1 0 8
80 24.4575 1.579 7884800 102400 0.827047 -37 77 -23 17 19
89 16.0826 1.343 4710400 102400 0.939208 -143 45 -2 15 6
59 16.758 0.222 2560000 102400 -0.109038 72 24 -29 0 0
12 23.5152 1.543 7475200 102400 -3.2096 -175 73 -43 9 16
83 25.6183 1.654 8499200 102400 0.87275 -265 82 -51 15 4
71 29.5418 1.662 9830400 102400 0.605662 29 95 -52 2 15
71 14.6407 1.294 4198400 102400 0.842856 -57 40 -4 6 15
26 20.7676 1.485 6451200 102400 -0.408029 -204 62 -16 5 6
54 7.73945 1.011 1945600 102400 0.736116 -245 18 -12 19 19
85 12.667 0.164 1843200 102400 -0.00144118 12 17 -44 11 3
67 13.4349 1.256 3788800 102400 0.824563 -121 36 -37 11 16
100 22.871 1.543 7270400 102400 0.988312 -141 70 -53 18 13
14 2.84289 1.017 716800 102400 0.626375 -38 6 -36 6 9
42 17.0514 1.354 5017600 102400 0.442542 54 48 -17 15 0
58 3.26358 1.008 819200 102400 0.900241 -68 7 -35 14 1
18 19.2044 1.474 5939200 102400 -1.04336 -68 57 -27 1 4
87 28.3671 1.83 10035200 102400 0.949971 69 98 -57 1 0
85 25.5406 1.63 8396800 102400 0.876324 84 81 -42 1 5
48 6.11286 0.072 819200 102400 -0.0582083 -255 7 -6 2 11
58 26.2258 1.655 8704000 102400 0.510065 44 86 -43 3 2
27 19.4309 1.403 5836800 102400 -0.246306 -45 56 -27 16 3
29 28.1533 1.706 9523200 102400 -0.799388 49 94 -48 17 4
100 28.5239 1.757 9830400 102400 1.007 -215 95 -2 7 2
92 18.7638 0.266 2969600 102400 0.0197364 -193 28 -7 10 1
10 12.497 1.032 3174400 102400 -1.38988 45 30 -7 1 2
82 22.8271 1.512 7168000 102400 0.845079 -200 69 -4 13 6
22 28.4583 1.677 9523200 102400 -1.62556 -268 92 -19 3 4
109 18.8827 1.386 5632000 102400 0.991791 -164 54 -23 3 1
11 25.3958 1.645 8396800 102400 -4.17886 -214 81 -52 9 2
27 18.4159 1.402 5529600 102400 -0.1605 -47 53 -2 2 11
63 14.8875 1.311 4300800 102400 0.790167 -192 41 -45 19 18
100 13.2342 0.176 1945600 102400 0.0275625 72 18 -12 0 4
15 27.6435 1.667 9216000 102400 -3.0205 -199 89 -51 12 7
65 19.8974 1.429 6041600 102400 0.719865 -64 58 -31 6 3
74 16.7855 0.22 2560000 102400 -0.0439358 -62 24 -45 3 13
73 22.4296 1.52 7065600 102400 0.781558 3 70 -28 6 11
74 18.3243 1.414 5529600 102400 0.843899 -142 53 -14 5 12
97 22.394 1.524 7065600 102400 0.968265 50 69 -39 1 5
21 15.2222 1.314 4403200 102400 -0.285702 -65 42 -26 6 10
67 15.1791 0.565 2969600 102400 0.226847 -117 28 -58 19 4
104 23.1749 1.545 7372800 102400 1.00413 -260 72 -45 14 18
25 19.6068 1.465 6041600 102400 -0.37875 -87 58 -39 14 19
55 18.9012 1.427 5734400 102400 0.631545 70 55 -49 17 18
47 7.51491 0.09 1024000 102400 -0.0762234 -162 9 -17 7 16
27 28.5164 1.729 9728000 102400 -1.01984 5 94 -6 19 7
20 4.89537 1.008 1228800 102400 0.53925 -184 11 -21 7 3
79 24.8716 1.569 7987200 102400 0.797639 20 77 -32 11 12
31 10.8638 0.131 1536000 102400 -0.247024 60 14 -35 2 14
108 20.1883 1.394 6041600 102400 0.967206 -141 58 -24 14 4
20 22.0533 1.563 7065600 102400 -1.13231 85 68 -51 16 2
86 14.4796 0.188 2150400 102400 -0.00277035 -147 20 -49 11 5
86 15.9398 1.364 4710400 102400 0.946122 -246 45 -11 0 2
27 29.2029 1.749 10035200 102400 -1.08665 -173 97 -7 18 19
101 22.2635 1.502 6963200 102400 0.97601 -255 67 -35 7 3
79 1.59828 0.025 204800 102400 0.00522152 -114 1 -53 2 19
46 28.9259 1.747 9932800 102400 0.0995815 33 97 -14 1 3
29 21.3203 1.459 6553600 102400 -0.265138 -86 64 -34 5 17
104 13.3168 1.276 3788800 102400 0.998055 33 36 -15 12 1
21 13.9569 1.289 3993600 102400 -0.161893 -152 38 -11 14 3
83 13.3098 1.031 3379200 102400 0.720383 -70 32 -29 18 5
27 20.0903 1.528 6348800 102400 -0.265981 -262 61 -57 17 15
54 13.4349 1.256 3788800 102400 0.720699 -155 36 -4 1 11
15 28.1512 1.648 9318400 102400 -3.09158 -92 90 -20 2 19
56 12.1724 0.144 1740800 102400 -0.0931652 -119 16 -40 16 12
58 22.9673 1.568 7372800 102400 0.598172 -186 71 -52 9 1
17 12.7326 0.158 1843200 102400 -0.669206 -223 17 -45 1 1
58 3.15958 0.037 409600 102400 -0.0168793 -210 3 -13 18 9
56 18.9144 1.382 5632000 102400 0.614701 -148 54 -42 3 14
104 28.3524 1.687 9523200 102400 0.988382 -166 92 -23 7 3
38 28.7269 1.709 9728000 102400 -0.244125 -78 94 -51 13 7
13 27.1411 1.656 9011200 102400 -3.63246 -47 87 -30 1 16
22 18.1277 1.395 5427200 102400 -0.487102 -159 52 -38 17 3
72 19.5118 1.477 6041600 102400 0.836809 -185 58 -2 7 0
93 6.81342 0.082 921600 102400 0.00639516 -182 8 -2 12 5
75 20.829 1.517 6553600 102400 0.850333 -111 63 -30 12 5
90 23.0011 1.493 7168000 102400 0.885361 -5 69 -53 10 0
101 15.6861 1.35 4608000 102400 1.00192 -253 44 -14 5 11
22 18.3471 1.411 5529600 102400 -0.506614 49 53 -22 19 16
54 28.6695 1.743 9830400 102400 0.354111 -92 95 -50 5 16
44 20.6228 1.423 6246400 102400 0.339903 -102 61 -22 15 0
19 21.3865 1.528 6758400 102400 -1.18582 -128 66 -31 7 15
66 0.80781 0.014 102400 102400 0.00216288 -264 0 -25 2 5
53 22.3057 1.534 7065600 102400 0.516901 -206 68 -15 7 19
41 14.3336 1.286 4096000 102400 0.523805 13 39 -32 18 5
43 12.6344 0.167 1843200 102400 -0.160035 -32 17 -44 9 15
18 28.5404 1.698 9625600 102400 -2.38186 38 94 -54 1 15
81 21.2898 1.501 6656000 102400 0.874071 -141 64 -4 18 11
72 21.8924 1.507 6860800 102400 0.780003 74 66 -57 7 19
84 28.6634 1.715 9728000 102400 0.831443 -114 94 -51 13 9
68 22.916 1.538 7270400 102400 0.722283 -83 70 -2 14 2
31 15.2882 1.304 4403200 102400 0.220331 -219 42 -15 18 11
27 8.87941 0.107 1228800 102400 -0.240222 -161 11 -36 15 5
61 28.9758 1.714 9830400 102400 0.484492 -240 95 -21 11 3
82 15.1959 1.318 4403200 102400 0.90832 -59 42 -33 12 15
80 20.4944 0.279 3276800 102400 -0.0335 -129 31 -13 2 7
54 15.4626 1.331 4505600 102400 0.694426 -56 43 -7 0 8
84 20.3806 1.492 6348800 102400 0.915363 -240 61 -16 17 15
80 10.6014 1.009 2662400 102400 0.755094 -234 25 -20 0 9
63 23.8841 2.224 9625600 102400 1.05833 -42 95 -58 6 13
12 24.7648 1.547 7884800 102400 -3.46602 7 76 -11 3 3
70 16.4674 1.338 4812800 102400 0.813446 -136 46 -7 9 18
43 12.7596 1.247 3584000 102400 0.611099 -6 34 -12 16 15
49 19.3906 1.408 5836800 102400 0.499199 -227 56 -31 1 12
78 28.32 1.719 9625600 102400 0.777494 -234 93 -29 9 1
26 9.76643 1.013 2457600 102400 0.291846 -141 23 -49 7 0
24 11.7254 1.026 2969600 102400 0.0819896 -154 28 -14 17 9
83 0.805427 0.017 102400 102400 0.00758735 -260 0 -36 1 6
64 20.5821 1.587 6656000 102400 0.793543 -110 64 -57 7 19
10 23.9523 1.565 7680000 102400 -4.29438 -209 74 -37 4 18
66 22.7822 1.481 7065600 102400 0.664239 -218 68 -36 2 19
53 22.9138 1.574 7372800 102400 0.512679 -151 71 -43 4 3
10 22.3409 1.53 7065600 102400 -3.86063 20 68 -53 12 19
79 5.37886 0.066 716800 102400 -0.00322468 -99 6 -41 2 10
23 15.7394 0.197 2355200 102400 -0.58425 -59 22 -10 0 10
101 22.6022 1.537 7168000 102400 0.99554 -52 69 -32 17 19
89 27.3886 1.632 9011200 102400 0.859528 -236 87 -15 15 15
86 12.4646 1.103 3276800 102400 0.812302 -261 31 -58 16 8
36 29.0673 1.79 10137600 102400 -0.358438 -191 98 -40 12 11
104 14.234 1.302 4096000 102400 1.00152 77 39 -8 11 2
60 14.0675 1.271 3993600 102400 0.763187 42 38 -25 7 13
32 25.1051 1.643 8294400 102400 -0.334539 -251 81 -45 15 0
58 17.5757 1.377 5222400 102400 0.690039 -216 50 -48 12 3
89 24.0837 1.551 7680000 102400 0.892643 -265 74 -53 7 0
109 23.3687 1.594 7577600 102400 1.06361 -176 73 -3 8 13
27 1.58744 0.032 204800 102400 -0.0258704 -39 1 -35 7 8
60 27.4363 1.717 9318400 102400 0.532104 -265 91 -2 2 12
49 29.0129 1.767 10035200 102400 0.2045 -85 98 -12 13 2
96 22.1661 1.513 6963200 102400 0.959615 -72 70 -55 10 17
64 13.6827 1.275 3891200 102400 0.811133 -177 37 -31 1 19
66 22.834 1.583 7372800 102400 0.730727 -228 71 -43 8 6
88 2.85279 1.01 716800 102400 0.947855 -169 6 -16 5 17
17 22.5134 1.547 7168000 102400 -1.66991 81 69 -19 14 0
23 16.1308 1.336 4710400 102400 -0.2265 84 45 -43 12 7
38 22.2724 1.501 6963200 102400 0.102974 -102 67 -10 5 14
47 26.5043 1.658 8806400 102400 0.228479 60 85 -43 10 13
107 21.2204 1.625 6963200 102400 1.1285 78 67 -57 2 12
69 19.1363 1.44 5836800 102400 0.79462 -165 56 -21 2 8
87 16.8131 0.218 2560000 102400 -0.00649713 -160 24 -51 13 16
73 2.44525 1.01 614400 102400 0.945788 -77 5 -2 14 1
102 0.805427 0.017 102400 102400 0.00934069 60 0 0 9 18
24 14.7851 1.327 4300800 102400 -0.0401875 33 41 -17 14 17
91 23.4682 1.583 7577600 102400 0.947698 55 73 -29 5 18
18 19.6707 1.457 6041600 102400 -1.10376 16 58 -56 17 0
88 16.7993 0.219 2560000 102400 -0.00294602 -110 24 -36 13 10
55 15.5703 0.21 2355200 102400 -0.116705 -175 22 -3 2 16
28 20.0679 1.49 6246400 102400 -0.212009 -148 60 -45 3 0
17 0.78086 0.049 102400 102400 0.00304412 63 0 -10 5 15
43 11.4164 0.148 1638400 102400 -0.142698 -11 15 -39 13 18
63 8.83155 0.113 1228800 102400 -0.0358095 -254 11 -53 1 16
23 29.6844 1.732 10137600 102400 -1.63077 82 98 -50 10 8
69 25.9112 1.624 8499200 102400 0.684236 -253 83 -35 18 16
44 21.9977 1.495 6860800 102400 0.305369 -126 66 -13 10 6
105 22.0695 1.524 6963200 102400 1.01805 -143 67 -50 17 5
102 17.0297 1.357 5017600 102400 0.981694 -53 48 -46 17 15
68 4.66736 0.053 614400 102400 -0.0159338 33 5 -29 11 9
28 12.6778 0.163 1843200 102400 -0.339232 -12 17 -55 0 4
89 2.44769 1.008 614400 102400 0.955331 -195 5 -4 11 0
85 23.8685 1.574 7680000 102400 0.884662 -180 74 -22 10 15
109 22.2267 1.543 7065600 102400 1.04845 -232 68 -5 14 1
43 19.3451 1.456 5939200 102400 0.402221 -121 57 -6 19 6
47 2.03872 1.009 512000 102400 0.925888 -256 4 -41 5 13
32 22.6271 1.498 7065600 102400 -0.18657 -190 68 -43 11 5
64 17.3258 1.364 5120000 102400 0.753648 -80 49 -49 11 17
104 18.367 1.453 5632000 102400 1.03984 -43 54 -3 12 15
100 25.8181 1.57 8294400 102400 0.937187 35 80 -24 16 2
109 24.3875 1.62 7987200 102400 1.06094 -260 79 -28 1 5
41 23.8093 1.546 7577600 102400 0.135939 38 73 -42 3 3
53 13.6527 1.28 3891200 102400 0.719858 19 37 -31 3 4
45 13.6288 1.284 3891200 102400 0.624278 1 37 -57 4 7
85 24.9981 1.556 7987200 102400 0.839088 -220 77 -37 16 13
52 17.9956 0.229 2764800 102400 -0.176649 30 26 -39 13 17
57 23.7906 1.548 7577600 102400 0.533746 -239 73 -50 12 13
88 28.2579 1.638 9318400 102400 0.830116 -191 90 -19 0 14
78 5.71127 1.008 1433600 102400 0.867776 -172 13 -50 2 9
104 15.556 1.317 4505600 102400 0.986471 74 43 -41 5 7
50 13.2993 1.279 3788800 102400 0.700875 -236 36 -21 16 12
55 14.1908 1.309 4096000 102400 0.740818 -107 39 -21 7 3
33 9.70856 1.025 2457600 102400 0.456818 -72 23 -56 10 13
69 28.0998 1.682 9420800 102400 0.640333 84 91 -15 16 6
74 18.5161 1.389 5529600 102400 0.818899 -31 53 -21 14 8
84 19.1677 1.436 5836800 102400 0.905866 -136 56 -56 19 2
12 23.4513 1.515 7372800 102400 -3.1725 -72 71 -14 15 9
52 17.2589 0.234 2662400 102400 -0.156625 -259 25 -37 4 10
74 18.8196 1.394 5632000 102400 0.813341 -182 54 -19 7 4
81 25.1622 1.637 8294400 102400 0.85575 -45 80 -17 5 1
49 29.2135 1.748 10035200 102400 0.1855 -44 97 -9 13 5
44 0.0836141 9.875 113664 102400 9.85529 4 93 -59 17 3
29 12.1357 1.025 3072000 102400 0.21681 -94 29 -23 7 8
88 13.3403 1.272 3788800 102400 0.94352 -225 36 -36 16 2
25 11.3099 1.028 2867200 102400 0.153 22 27 -26 2 6
101 13.8601 0.182 2048000 102400 0.027297 -34 19 -20 12 5
46 19.9149 1.468 6144000 102400 0.448978 -96 59 -46 7 4
26 1.58591 0.033 204800 102400 -0.0270962 -207 1 -33 4 11
35 18.9422 1.465 5836800 102400 0.192679 79 56 -16 6 13
35 28.2682 1.695 9523200 102400 -0.380893 -189 92 -31 19 14
75 12.0148 0.159 1740800 102400 -0.0180833 -90 16 -7 15 3
91 18.4851 1.393 5529600 102400 0.929401 -7 53 -55 18 13
51 17.2747 1.371 5120000 102400 0.605069 17 49 -37 14 0
89 7.7126 1.018 1945600 102400 0.851216 -229 18 -30 4 5
83 19.6248 1.421 5939200 102400 0.875066 1 57 -5 10 14
52 27.7943 1.682 9318400 102400 0.314812 -208 90 -3 9 13
105 23.899 1.605 7782400 102400 1.03952 -161 75 -36 7 10
79 27.5013 1.651 9113600 102400 0.770858 39 88 -7 16 5
73 17.0225 1.358 5017600 102400 0.833599 -233 48 -37 2 17
24 13.3815 1.265 3788800 102400 0.0605729 -146 36 -6 13 3
18 19.4147 1.405 5836800 102400 -1.06896 -202 56 -3 6 1
62 19.003 1.414 5734400 102400 0.708355 -246 55 -23 3 11
97 23.6145 1.567 7577600 102400 0.970995 -142 73 -34 7 2
93 17.2207 1.426 5222400 102400 0.997573 -204 50 -26 15 11
33 29.5359 1.718 10035200 102400 -0.602076 -235 97 -5 2 4
54 20.2569 0.294 3276800 102400 -0.168963 -61 31 -46 17 0
91 17.037 1.356 5017600 102400 0.935327 -234 48 -2 19 1
82 17.3118 2.265 7065600 102400 1.60761 43 68 -58 16 16
63 6.11857 0.071 819200 102400 -0.0282064 -242 7 -36 2 16
81 19.0649 0.246 2969600 102400 -0.0337068 -183 28 -19 17 13
44 11.5066 0.139 1638400 102400 -0.145091 -269 15 -44 16 17
104 6.52067 1.01 1638400 102400 0.889808 -104 15 -43 15 6
62 12.9912 0.198 1945600 102400 -0.0414153 -251 18 -57 1 13
20 19.456 1.442 5939200 102400 -0.823625 -96 57 -6 13 13
25 21.2601 0.31 3481600 102400 -0.7525 -45 33 -49 11 17
74 1.60297 0.022 204800 102400 0.000885134 79 1 -17 6 13
16 19.9385 1.424 6041600 102400 -1.45686 72 58 -49 5 12
58 19.7915 1.442 6041600 102400 0.64728 -162 58 -15 19 6
11 8.15419 0.105 1126400 102400 -0.67625 -121 10 -23 10 13
27 22.3233 1.532 7065600 102400 -0.464528 -59 68 -30 18 4
58 25.1392 1.672 8396800 102400 0.567474 7 81 -11 12 19
40 18.7882 1.398 5632000 102400 0.323781 -257 54 -32 1 0
13 12.5775 1.019 3174400 102400 -0.843981 -83 30 -32 19 19
20 19.5924 1.425 5939200 102400 -0.840625 -82 57 -37 16 7
13 25.0442 1.584 8089600 102400 -3.1636 0 79 0 1 19
22 3.14442 0.042 409600 102400 -0.100045 26 3 -37 14 3
45 15.1176 1.33 4403200 102400 0.583472 -3 42 -44 3 1
70 27.8506 1.706 9420800 102400 0.679214 -34 91 -48 6 16
45 9.34094 1.017 2355200 102400 0.617694 13 22 -1 8 17
103 27.8984 1.672 9318400 102400 0.981769 -206 91 -14 7 13
31 19.5924 1.425 5939200 102400 -0.0366935 -15 57 0 12 4
52 19.2589 1.467 5939200 102400 0.595606 -203 57 -48 10 16
28 18.6174 1.42 5632000 102400 -0.114598 -15 54 -56 9 8
37 5.36376 0.069 716800 102400 -0.0788041 -64 6 -57 2 9
13 14.504 0.186 2150400 102400 -1.07602 -17 20 -38 3 3
34 10.1231 1.023 2560000 102400 0.448551 -148 24 -21 5 10
99 13.2006 0.179 1945600 102400 0.0290631 53 18 -13 11 9
41 3.66605 1.011 921600 102400 0.839506 -13 8 -14 15 1
58 4.89294 1.009 1228800 102400 0.847362 -36 11 -51 17 3
48 17.7708 1.397 5324800 102400 0.550646 -133 51 -15 6 1
68 10.835 0.134 1536000 102400 -0.0383346 0 14 -33 2 9
42 16.6469 1.362 4915200 102400 0.469143 -249 47 -47 8 18
22 12.0148 0.159 1740800 102400 -0.444693 -86 16 -7 2 13
94 9.57612 0.112 1331200 102400 0.00395479 -154 12 -23 15 10
89 24.2262 1.536 7680000 102400 0.877643 90 74 -49 7 11
95 13.7068 1.271 3891200 102400 0.9585 -142 37 -44 10 14
20 22.9703 1.532 7270400 102400 -1.24144 73 70 -18 3 4
12 9.29485 1.027 2355200 102400 -0.470396 -45 22 -7 14 5
102 14.012 1.28 3993600 102400 0.981287 -203 38 -32 11 10
108 23.3955 1.521 7372800 102400 1.00017 63 71 -20 13 13
103 13.2239 1.292 3788800 102400 1.01136 -111 36 -26 11 5
75 3.15958 0.037 409600 102400 -0.00466667 -91 3 -37 18 4
69 13.8953 0.179 2048000 102400 -0.0474493 83 19 -29 8 4
104 1.62693 1.014 409600 102400 0.983952 -97 3 -7 0 14
35 28.4264 1.68 9523200 102400 -0.395893 66 92 -48 7 7
10 13.2681 0.173 1945600 102400 -1.31138 -72 18 -33 5 6
82 13.3363 0.167 1945600 102400 -0.0140213 -17 18 -49 3 11
15 26.2919 1.586 8499200 102400 -2.73692 -43 83 -46 14 19
40 29.2988 1.74 10035200 102400 -0.174063 -43 99 -43 12 5
61 19.0821 1.404 5734400 102400 0.686787 0 55 -34 17 4
30 3.15047 0.04 409600 102400 -0.0641667 20 3 -53 13 19
13 28.6401 1.66 9523200 102400 -3.92894 36 92 -7 10 3
13 0.0164827 7.449 17408 102400 7.43878 59 8 -59 19 6
51 12.384 1.249 3481600 102400 0.728167 -157 33 -8 16 3
81 15.4819 1.381 4608000 102400 0.946972 -184 44 -7 9 14
53 15.4958 1.326 4505600 102400 0.677415 -6 43 -48 16 1
42 0.0786605 9.935 107520 102400 9.91547 -71 98 -59 10 15
85 26.9685 1.673 9011200 102400 0.864176 -243 87 0 13 18
86 22.6271 1.498 7065600 102400 0.871183 -125 68 -52 12 1
106 29.1405 1.783 10137600 102400 1.05334 -83 99 -3 1 0
22 28.3855 1.655 9420800 102400 -1.61205 -128 91 -10 1 11
104 28.8694 1.724 9830400 102400 1.00285 -89 96 -44 0 9
101 15.5446 0.212 2355200 102400 0.0340916 -7 22 -10 5 16
106 22.5459 1.507 7065600 102400 0.99845 -25 68 -19 5 3
54 28.1014 1.711 9523200 102400 0.365514 -147 93 -24 0 14
31 3.6697 1.009 921600 102400 0.782185 -5 8 -24 16 6
99 21.9564 1.537 6963200 102400 1.00038 -7 67 -21 7 0
108 12.351 1.255 3481600 102400 1.00905 -117 33 -1 14 12
37 28.9729 1.686 9728000 102400 -0.319912 -117 94 -19 14 12
18 23.0752 1.556 7372800 102400 -1.569 88 71 -11 4 16
79 25.3574 1.649 8396800 102400 0.838082 62 81 -21 10 15
13 8.19871 0.099 1126400 102400 -0.562058 16 10 -3 5 2
35 0.81549 1.009 204800 102400 0.964357 -159 1 -27 13 16
87 18.0598 1.404 5427200 102400 0.928066 -45 52 -35 8 19
29 12.9455 1.278 3686400 102400 0.308172 -269 35 -40 12 16
85 25.9211 1.623 8499200 102400 0.860132 84 82 -1 4 0
30 16.8936 1.376 5017600 102400 0.0999583 19 48 -52 11 4
82 25.619 1.558 8192000 102400 0.795805 -31 80 -9 7 13
76 17.315 0.23 2662400 102400 -0.0372697 -187 25 -32 9 9
100 13.6767 1.276 3891200 102400 0.979125 -114 37 -51 9 12
75 21.652 1.497 6758400 102400 0.8095 -238 65 -5 2 4
50 13.7189 1.269 3891200 102400 0.67525 39 37 -49 0 17
37 5.30068 1.009 1331200 102400 0.734507 -130 12 -49 4 19
53 16.1654 1.331 4710400 102400 0.652934 5 45 -2 17 1
52 12.3456 1.256 3481600 102400 0.745183 -179 33 -51 1 5
19 6.14727 0.066 819200 102400 -0.262947 -76 7 -44 17 16
48 1.59984 0.024 204800 102400 -0.00855208 -175 1 -33 9 6
63 7.33211 1.011 1843200 102400 0.787786 3 17 -42 5 14
23 28.4722 1.762 9830400 102400 -1.49887 -231 96 -22 4 16
99 18.9246 1.424 5734400 102400 0.982081 -211 55 -34 10 13
31 17.5241 1.384 5222400 102400 0.0987177 -187 50 -31 7 11
55 9.52473 0.118 1331200 102400 -0.0666591 -40 12 -49 2 16
89 29.3523 1.735 10035200 102400 0.874747 -82 98 -27 17 4
58 27.8918 1.702 9420800 102400 0.462776 36 92 -40 6 1
53 14.0243 1.278 3993600 102400 0.703118 -175 38 0 15 14
25 21.0206 1.572 6758400 102400 -0.4905 -58 65 -57 2 12
92 5.6355 1.035 1433600 102400 0.916114 -84 13 -43 19 18
91 5.70843 1.009 1433600 102400 0.888808 -253 13 -37 7 2
22 12.6338 1.01 3174400 102400 -0.0908523 6 30 -40 9 17
22 18.9637 1.419 5734400 102400 -0.569636 -42 55 -32 9 0
62 25.1908 1.634 8294400 102400 0.613335 -210 80 -13 13 1
16 26.682 1.671 8908800 102400 -2.57705 -29 86 -19 6 16
59 14.6471 1.293 4198400 102400 0.750097 84 40 -10 2 17
106 20.4297 1.486 6348800 102400 1.02904 -180 61 -48 10 10
22 6.82603 0.08 921600 102400 -0.239602 -244 8 -48 15 13
48 12.1089 0.15 1740800 102400 -0.126693 -268 16 -43 6 1
53 16.1516 1.333 4710400 102400 0.654934 -261 45 -5 17 14
22 28.6186 1.662 9523200 102400 -1.64056 -79 92 -25 10 7
36 20.0518 1.492 6246400 102400 0.168215 -169 60 -49 11 6
107 13.9814 1.285 3993600 102400 1.00025 -233 38 -15 5 9
71 13.0486 1.26 3686400 102400 0.863873 46 35 -52 1 10
40 19.496 1.437 5939200 102400 0.304187 -198 57 -21 8 9
97 15.3703 1.345 4505600 102400 0.990619 -135 43 -15 17 19
107 6.09494 1.016 1536000 102400 0.906479 4 14 -4 16 16
14 16.4674 1.338 4812800 102400 -1.28477 -211 46 -34 9 11
34 7.29583 1.021 1843200 102400 0.607397 22 17 -46 6 6
85 2.84996 1.012 716800 102400 0.947662 43 6 -41 16 8
67 20.8515 1.475 6451200 102400 0.740392 -83 62 -48 4 17
76 19.0662 1.406 5734400 102400 0.830342 -154 55 -1 11 13
32 23.0249 1.526 7270400 102400 -0.207398 36 70 -20 18 15
18 16.1972 1.377 4812800 102400 -0.662931 -224 46 -52 14 6
51 20.9205 2.25 8499200 102400 0.978554 -173 83 -58 13 6
82 30.1831 1.714 10240000 102400 0.761256 -1 99 -6 16 18
92 22.0943 0.483 4096000 102400 0.143326 63 39 -49 8 19
19 3.89317 0.052 512000 102400 -0.153592 22 4 -42 1 1
19 13.2006 0.179 1945600 102400 -0.60225 -22 18 -21 14 6
54 3.16568 0.035 409600 102400 -0.0228704 40 3 -14 15 11
89 12.0356 0.157 1740800 102400 0.00777247 -229 16 -47 13 0
28 5.69992 1.012 1433600 102400 0.621375 -60 13 -37 18 17
15 18.9887 0.251 2969600 102400 -1.25942 -68 28 -46 18 11
104 10.8255 0.135 1536000 102400 0.0223197 -221 14 -17 2 19
42 27.9507 1.667 9318400 102400 -0.0257083 -13 90 -18 13 11
55 21.1569 1.478 6553600 102400 0.568909 -245 63 -17 15 6
63 20.9791 1.499 6553600 102400 0.705349 -28 63 -11 5 6
22 20.0543 1.41 6041600 102400 -0.68517 -79 58 -44 8 17
13 5.32887 0.076 716800 102400 -0.344673 13 6 -28 0 14
39 14.4771 1.037 3686400 102400 0.315846 -15 35 -39 1 7
23 17.7501 0.246 2764800 102400 -0.67112 -124 26 -10 0 8
45 22.0862 1.485 6860800 102400 0.321806 -153 66 -56 4 13
39 16.5837 1.371 4915200 102400 0.409462 -177 47 -46 12 1
83 26.098 1.668 8704000 102400 0.867925 -83 84 -12 4 14
26 19.0583 1.407 5734400 102400 -0.275692 -181 55 -41 18 11
24 25.2147 1.664 8396800 102400 -1.00527 -87 81 0 5 3
106 17.4588 1.346 5120000 102400 0.977486 61 49 -29 0 16
68 24.8522 1.571 7987200 102400 0.67486 -51 77 -1 16 15
26 26.1765 1.66 8704000 102400 -0.894087 -146 84 -31 15 13
17 26.1604 1.599 8499200 102400 -2.21534 -206 84 -45 7 12
39 23.5411 1.575 7577600 102400 0.0926282 -124 73 -43 5 5
107 24.5091 1.607 7987200 102400 1.03749 71 77 -46 15 4
95 6.11286 0.072 819200 102400 0.00621053 37 7 -11 12 7
68 1.58898 0.031 204800 102400 0.00802206 -17 1 -45 1 2
107 17.6166 2.069 6758400 102400 1.58711 30 65 -58 15 2
55 25.2691 1.561 8089600 102400 0.438841 -187 78 -7 14 13
42 15.2287 1.313 4403200 102400 0.513149 58 42 -42 8 13
30 12.6778 0.163 1843200 102400 -0.30575 10 17 -18 5 5
16 25.1318 1.575 8089600 102400 -2.28242 -108 78 -23 7 15
95 1.63098 1.009 409600 102400 0.976105 -9 3 -53 18 13
32 26.0645 1.64 8601600 102400 -0.410781 -23 83 -25 8 0
32 18.6947 1.41 5632000 102400 0.0672266 -255 54 -4 5 19
48 15.1567 1.324 4403200 102400 0.62413 20 42 -52 5 14
92 0.0561927 9.059 70656 102400 9.05314 10 44 -59 0 15
59 8.15084 1.01 2048000 102400 0.745169 -22 19 -22 19 12
99 23.0391 1.56 7372800 102400 0.991818 -129 71 -37 17 0
43 8.8714 0.108 1228800 102400 -0.110023 -146 11 -45 4 1
58 16.2204 0.212 2457600 102400 -0.111276 -74 23 -27 18 17
98 26.0302 1.612 8499200 102400 0.950329 -220 82 -21 17 6
28 13.6888 1.274 3891200 102400 0.213732 -166 37 -20 2 4
83 0.0159137 5.692 13312 102400 5.69078 -1 7 -59 15 10
57 19.8586 1.475 6144000 102400 0.652632 16 59 -2 19 16
106 16.6964 1.355 4915200 102400 1.00123 -78 47 -9 10 10
55 13.352 1.27 3788800 102400 0.744432 23 36 -54 19 11
12 11.4664 0.143 1638400 102400 -0.898667 -206 15 -22 3 6
11 11.7428 1.023 2969600 102400 -1.03666 -200 28 -47 0 1
36 0.799922 0.024 102400 102400 0.00229861 -213 0 -8 16 1
36 20.5123 1.476 6348800 102400 0.130514 -14 61 -53 18 10
102 12.6693 1.263 3584000 102400 0.994924 -31 34 -18 7 1
102 22.8271 1.512 7168000 102400 0.975848 -53 69 0 10 11
42 20.1002 1.486 6246400 102400 0.351327 -259 60 -40 19 7
23 2.44525 1.01 614400 102400 0.806196 -84 5 -38 2 12
43 14.2836 1.294 4096000 102400 0.567256 -34 39 -53 18 3
76 17.8216 0.241 2764800 102400 -0.0365493 -4 26 -35 6 11
51 19.6228 1.463 6041600 102400 0.559201 35 58 -11 17 8
108 17.2729 0.233 2662400 102400 0.0449213 -246 25 -10 4 11
68 21.1228 1.482 6553600 102400 0.746706 -214 63 -2 10 1
105 28.2997 1.692 9523200 102400 1.00004 -88 92 -50 9 15
20 5.68861 1.016 1433600 102400 0.469125 -15 13 -4 4 5
93 3.15654 0.038 409600 102400 0.00439785 32 3 -9 0 15
88 14.2498 1.012 3584000 102400 0.701276 -202 34 -57 14 11
107 13.2876 1.281 3788800 102400 1.01085 -257 36 0 9 0
86 15.7937 1.334 4608000 102400 0.925206 -158 44 -30 18 10
61 26.712 1.668 8908800 102400 0.553758 -11 86 -29 13 14
105 14.0887 1.035 3584000 102400 0.774583 -12 34 -40 11 10
75 23.3958 1.591 7577600 102400 0.820167 0 73 -21 6 18
72 10.7969 0.138 1536000 102400 -0.0247604 -42 14 -31 9 2
50 13.9387 1.292 3993600 102400 0.682625 3 38 -24 0 1
19 27.398 1.661 9113600 102400 -1.99854 -218 91 -17 8 5
54 3.91176 0.047 512000 102400 -0.025338 2 4 -9 10 18
89 20.8662 1.434 6348800 102400 0.889758 45 61 -16 18 3
66 14.8939 1.31 4300800 102400 0.812841 -62 41 -19 17 19
100 28.947 1.745 9932800 102400 0.987187 -102 96 -19 19 15
61 0.80781 0.014 102400 102400 0.00119262 64 0 -16 0 16
74 16.6751 1.358 4915200 102400 0.851243 -131 47 -48 14 18
47 15.4692 1.33 4505600 102400 0.598617 -245 43 -44 6 16
27 28.0393 1.717 9523200 102400 -0.973972 68 93 -21 7 15
99 20.5212 1.435 6246400 102400 0.953624 21 60 -20 14 0
36 28.1637 1.705 9523200 102400 -0.313229 -188 92 -19 15 8
15 27.9611 1.666 9318400 102400 -3.07358 -206 90 -5 19 8
20 15.2949 1.303 4403200 102400 -0.376688 -186 42 -28 12 1
74 25.1611 1.572 8089600 102400 0.737963 -172 79 -39 10 1
38 4.61478 0.065 614400 102400 -0.0583553 -42 5 -38 11 11
89 19.0662 1.406 5734400 102400 0.914427 -267 55 -17 10 17
51 13.2818 1.282 3788800 102400 0.715211 86 36 -11 14 3
70 3.1535 0.039 409600 102400 -0.00564286 -102 3 -23 13 11
66 24.4955 1.575 7884800 102400 0.663542 52 76 -22 14 14
64 26.1765 1.66 8704000 102400 0.622402 -259 84 -51 10 0
33 27.1703 1.623 8908800 102400 -0.436659 66 86 -22 7 9
39 21.205 1.511 6656000 102400 0.208917 -86 64 -28 8 5
83 27.1026 1.69 9113600 102400 0.852274 -179 89 -18 9 3
52 19.1089 0.286 3072000 102400 -0.164721 -242 29 -45 7 0
55 16.9578 1.367 5017600 102400 0.670977 -8 48 -54 1 9
38 22.394 1.524 7065600 102400 0.105414 -244 68 -25 2 9
77 17.1029 1.778 5939200 102400 1.18953 62 57 -58 11 5
68 14.5708 1.305 4198400 102400 0.833952 -266 40 -1 9 16
24 18.219 1.383 5427200 102400 -0.34226 22 52 -33 0 7
84 5.29804 1.01 1331200 102400 0.889092 -118 12 0 6 19
40 2.3674 0.038 307200 102400 -0.0205938 -32 2 -11 15 17
31 17.0517 1.402 5120000 102400 0.141919 -176 49 -30 2 10
59 12.9384 1.026 3276800 102400 0.602271 -212 31 -16 15 3
78 12.0669 0.154 1740800 102400 -0.0162724 82 16 -28 10 9
64 28.268 1.724 9625600 102400 0.576539 -180 95 -9 9 0
69 13.3344 1.273 3788800 102400 0.854069 -241 36 -5 12 1
102 13.2967 1.033 3379200 102400 0.780243 -201 32 -23 9 7
54 28.5934 1.693 9625600 102400 0.333046 70 93 -9 13 11
108 10.0949 0.136 1433600 102400 0.0347269 -252 13 -20 1 9
81 3.91924 0.045 512000 102400 -0.00322531 -20 4 -40 12 9
97 25.6473 1.651 8499200 102400 0.982508 25 82 -14 13 17
99 20.4305 0.283 3276800 102400 0.0304747 89 31 -5 8 10
59 12.6582 1.265 3584000 102400 0.801547 -66 34 -19 14 14
108 16.7248 1.351 4915200 102400 1.00378 30 47 -31 10 19
89 9.32245 1.021 2355200 102400 0.819104 -250 22 -36 11 3
81 8.14679 1.011 2048000 102400 0.818099 -103 19 -30 17 11
69 20.3956 1.45 6246400 102400 0.75933 -132 60 -26 6 15
44 6.78833 0.086 921600 102400 -0.0738011 -54 8 -55 10 5
66 26.2752 1.65 8704000 102400 0.643845 -111 84 -46 5 18
87 13.3227 1.275 3788800 102400 0.942744 24 36 -47 2 15
100 0.804636 0.018 102400 102400 0.0101875 -127 0 0 11 9
23 1.57979 0.037 204800 102400 -0.0309348 -162 1 -50 11 7
16 16.6328 1.364 4915200 102400 -0.97975 34 47 -31 9 17
65 20.5199 1.515 6451200 102400 0.757788 -55 62 -30 9 10
73 26.2334 1.623 8601600 102400 0.724027 71 84 -4 3 9
10 2.44647 1.009 614400 102400 0.54025 -233 5 -7 16 16
17 21.2728 1.503 6656000 102400 -1.48413 64 65 -52 8 17
109 5.67173 1.022 1433600 102400 0.921656 -175 13 -47 14 15
33 18.5714 1.426 5632000 102400 0.123917 -49 54 -18 2 10
87 27.0292 1.667 9011200 102400 0.87677 -41 87 -12 10 14
65 12.2202 1.011 3072000 102400 0.650423 -210 29 -14 14 11
79 20.8431 1.476 6451200 102400 0.852978 76 62 -7 7 6
81 22.3207 1.569 7168000 102400 0.893846 -87 69 -3 11 15
67 28.9545 1.716 9830400 102400 0.596597 -118 95 -34 8 14
82 27.3367 1.637 9011200 102400 0.798585 -140 87 -36 19 18
45 18.7638 0.266 2969600 102400 -0.237472 49 28 -30 2 3
63 3.9043 0.049 512000 102400 -0.013004 -107 4 -33 15 10
43 24.5202 1.539 7782400 102400 0.158186 -133 76 -3 14 9
11 15.5158 1.323 4505600 102400 -1.802 82 43 -50 3 17
44 23.4773 1.582 7577600 102400 0.26808 -31 73 -53 10 18
39 15.1182 0.192 2252800 102400 -0.248705 -16 21 -25 3 16
61 0.0951792 9.07 119808 102400 9.05502 10 82 -59 3 11
43 26.4952 1.628 8704000 102400 0.0836686 -234 85 -8 15 14
88 26.8529 1.654 8908800 102400 0.881628 82 86 -32 12 10
29 21.1629 1.516 6656000 102400 -0.235078 -251 64 -5 2 5
41 17.3039 1.367 5120000 102400 0.414256 84 49 -11 19 3
13 13.0141 1.266 3686400 102400 -0.897462 -19 35 -20 18 2
21 27.1936 1.681 9113600 102400 -1.63001 28 89 -27 13 0
63 27.0724 1.693 9113600 102400 0.589329 -227 89 -34 2 19
28 3.14442 0.042 409600 102400 -0.0696071 -199 3 -11 14 15
21 10.1755 0.127 1433600 102400 -0.393833 63 13 -21 18 10
41 13.0313 1.263 3686400 102400 0.577024 66 35 -30 3 5
109 8.22115 0.096 1126400 102400 0.0171583 -257 10 -48 9 15
21 6.11009 1.011 1536000 102400 0.452964 -116 14 -49 4 11
60 25.8951 1.594 8396800 102400 0.526292 -113 81 -34 15 0
12 10.1936 0.125 1433600 102400 -0.786458 -203 13 -40 10 16
100 13.6393 1.042 3481600 102400 0.776375 -167 33 -23 18 10
70 26.9282 1.677 9011200 102400 0.694857 -164 89 -55 17 3
16 16.6626 0.229 2560000 102400 -0.991703 53 24 -45 13 4
18 6.81972 0.081 921600 102400 -0.309625 82 8 -21 0 12
52 8.24371 0.093 1126400 102400 -0.0722644 27 10 -55 1 13
61 20.7935 0.3 3379200 102400 -0.122643 76 32 -13 1 10
24 5.29804 1.01 1331200 102400 0.586823 -7 12 -28 0 0
70 8.55838 1.01 2150400 102400 0.775625 65 20 -40 14 13
92 8.4574 1.034 2150400 102400 0.855671 44 20 -2 5 1
22 16.8493 0.264 2662400 102400 -0.659295 -158 25 -57 9 17
18 21.5396 1.472 6656000 102400 -1.34918 87 64 -48 2 3
26 24.1121 1.548 7680000 102400 -0.705606 -59 74 -26 12 16
13 24.341 1.625 7987200 102400 -3.0625 -29 77 -57 7 6
59 26.7053 1.638 8806400 102400 0.499229 -79 86 -11 5 0
56 20.0117 1.497 6246400 102400 0.645996 35 61 -37 17 0
92 5.39911 0.062 716800 102400 0.00255706 -191 6 0 19 5
52 29.2666 1.771 10137600 102400 0.28362 58 98 -47 11 6
72 16.5027 1.333 4812800 102400 0.823017 61 46 -12 11 17
77 21.3725 1.453 6553600 102400 0.803649 83 63 -45 18 15
47 10.2574 0.118 1433600 102400 -0.114713 50 13 -19 3 14
12 13.9545 0.174 2048000 102400 -1.12808 -127 19 -50 1 19
58 29.7218 1.701 10035200 102400 0.380957 76 97 -43 9 17
108 8.90354 0.104 1228800 102400 0.0171944 -24 11 -26 3 7
68 21.4374 1.522 6758400 102400 0.763728 72 65 -51 1 3
74 29.4294 1.7 9932800 102400 0.675929 -112 96 -27 18 10
31 21.9889 1.496 6860800 102400 -0.192508 -25 66 -23 19 17
57 15.7 0.2 2355200 102400 -0.115241 -75 22 -45 1 18
27 29.1922 1.75 10035200 102400 -1.08565 -165 97 -34 19 11
100 24.5623 1.568 7884800 102400 0.966437 -238 76 -44 13 5
52 5.37886 0.066 716800 102400 -0.0391683 -171 6 -33 2 11
36 12.1405 0.147 1740800 102400 -0.221924 -77 16 -38 8 8
59 23.8937 1.537 7577600 102400 0.557127 -124 73 -22 4 3
75 21.8837 1.508 6860800 102400 0.810083 -44 66 -42 9 17
28 3.6697 1.009 921600 102400 0.757884 -112 8 -54 14 18
102 9.5418 0.116 1331200 102400 0.0164289 -218 12 -48 3 19
17 8.11853 1.018 2048000 102400 0.0988824 -191 19 -4 7 6
62 3.66788 1.01 921600 102400 0.896593 -98 8 -35 16 19
75 12.7767 0.154 1843200 102400 -0.0335 -58 17 -17 2 9
18 13.0198 1.265 3686400 102400 -0.2975 -181 35 -28 10 12
12 18.2419 1.38 5427200 102400 -2.07052 63 52 -23 11 8
104 20.504 1.477 6348800 102400 1.01125 -9 61 -50 8 0
80 16.3624 1.353 4812800 102400 0.894016 -184 46 -15 7 5
59 13.3285 1.274 3788800 102400 0.784064 -247 36 -51 2 5
32 7.4806 0.095 1024000 102400 -0.149141 -50 9 -2 0 11
14 16.5281 0.239 2560000 102400 -1.15609 53 24 -26 7 17
47 17.2136 1.427 5222400 102400 0.579261 -243 50 -36 8 16
88 6.12429 0.07 819200 102400 -0.00102273 -218 7 -35 7 3
12 18.749 0.267 2969600 102400 -1.62102 -68 28 -49 17 7
87 10.1835 1.011 2560000 102400 0.786503 89 24 -41 10 3
104 12.373 1.251 3481600 102400 0.995591 -225 33 -23 10 7
51 26.1437 1.632 8601600 102400 0.345235 64 83 -3 0 11
84 23.5523 1.539 7475200 102400 0.860057 -27 72 -52 7 18
90 24.1856 1.608 7884800 102400 0.939597 -55 76 -13 8 1
97 7.50802 0.091 1024000 102400 0.0104588 -83 9 -2 6 14
69 12.703 1.257 3584000 102400 0.860714 82 34 -9 0 17
28 18.4543 1.397 5529600 102400 -0.109696 -73 53 -5 6 12
61 28.4583 1.677 9523200 102400 0.485914 60 92 -1 12 17
52 25.8226 1.633 8499200 102400 0.386005 -90 83 -32 15 14
15 25.367 1.648 8396800 102400 -2.62283 47 81 -15 13 14
101 12.0878 0.152 1740800 102400 0.0205025 -179 16 -21 11 5
39 20.2183 1.512 6348800 102400 0.270013 -105 61 -25 4 6
29 24.8798 1.634 8192000 102400 -0.521172 -62 80 -23 6 6
32 20.6205 1.463 6348800 102400 -0.0506719 69 61 -54 12 7
67 11.2988 1.03 2867200 102400 0.703507 -177 27 -56 4 10
80 0.810207 0.011 102400 102400 0.00123437 -246 0 -1 16 17
65 29.6479 1.763 10240000 102400 0.561077 45 99 -32 11 6
97 23.8778 1.573 7680000 102400 0.968941 -13 74 -7 17 15
42 20.4792 1.52 6451200 102400 0.348125 87 62 -21 16 1
102 14.9262 1.305 4300800 102400 0.983309 55 41 -21 10 17
14 20.5526 1.511 6451200 102400 -2.00463 -183 62 -41 11 14
59 19.8426 1.477 6144000 102400 0.682508 -91 59 -45 18 13
59 15.3567 1.027 3891200 102400 0.523822 -23 37 -11 16 12
88 26.2513 1.59 8499200 102400 0.853139 -260 82 -3 17 12
32 22.4342 1.556 7168000 102400 -0.152984 59 70 -24 5 17
44 24.689 1.588 7987200 102400 0.203057 -93 78 -49 16 18
39 26.2534 1.621 8601600 102400 -0.0616923 -176 83 -52 4 14
50 24.7001 1.62 8089600 102400 0.385625 -6 78 -32 12 3
53 8.11853 1.018 2048000 102400 0.723189 -187 19 -41 6 8
101 21.557 1.508 6758400 102400 0.99748 -266 65 -4 8 18
50 24.9688 1.559 7987200 102400 0.34025 -50 77 -21 19 5
21 22.7366 1.522 7168000 102400 -1.08217 -47 69 0 18 13
16 18.1732 1.389 5427200 102400 -1.19889 -22 52 -3 13 4
77 17.1805 1.384 5120000 102400 0.876695 -244 49 -6 9 16
108 8.22115 0.096 1126400 102400 0.0164282 -86 10 -8 10 10
87 14.0799 1.269 3993600 102400 0.918784 -132 38 -48 8 9
49 14.5456 1.309 4198400 102400 0.655301 -34 40 -32 11 0
90 16.1377 1.335 4710400 102400 0.935694 -86 45 -6 9 7
105 29.3408 1.764 10137600 102400 1.02739 -45 99 -30 10 13
108 28.1845 1.703 9523200 102400 1.03026 -209 93 -3 3 10
103 11.3378 1.023 2867200 102400 0.810621 -113 27 -47 13 3
57 12.3237 1.26 3481600 102400 0.793991 -121 33 -50 8 12
13 0.069322 9.99 95232 102400 9.93411 -40 80 -59 7 17
82 17.7098 1.359 5222400 102400 0.873101 39 50 -23 5 1
29 13.3697 1.267 3788800 102400 0.270233 47 36 -15 11 2
85 1.60141 0.023 204800 102400 0.00461765 -47 1 -29 16 8
69 8.19126 0.1 1126400 102400 -0.0245471 -251 10 -29 14 8
38 19.3497 0.27 3072000 102400 -0.346776 -111 29 -20 10 10
62 5.36879 0.068 716800 102400 -0.0202056 -34 6 -34 18 9
21 23.2205 1.54 7372800 102400 -1.13857 -192 71 -33 19 1
108 13.9447 1.291 3993600 102400 1.00888 8 38 -1 19 14
101 19.5441 1.431 5939200 102400 0.982361 -70 57 -27 15 10
103 22.8694 1.579 7372800 102400 1.03288 41 71 -57 13 7
22 16.1101 1.339 4710400 102400 -0.294523 85 45 -48 5 11
93 24.1962 1.573 7782400 102400 0.934559 -37 75 -33 7 13
105 25.628 1.653 8499200 102400 1.03544 -146 82 -39 1 14
35 14.0552 1.273 3993600 102400 0.402464 52 38 -29 8 18
58 7.73945 1.011 1945600 102400 0.755073 -132 18 -15 7 19
22 0.11435 8.528 136192 102400 8.48077 21 12 -59 7 4
77 29.3425 1.708 9932800 102400 0.723828 -201 96 -30 17 5
68 20.7342 1.489 6451200 102400 0.765195 90 62 0 8 9
51 13.3933 1.263 3788800 102400 0.696211 -11 36 -46 18 2
107 27.8418 1.648 9216000 102400 0.990874 -148 89 -54 3 2
17 4.46077 1.02 1126400 102400 0.514485 -168 10 -38 7 13
76 23.6936 1.593 7680000 102400 0.82203 21 74 -9 10 8
66 24.756 1.581 7987200 102400 0.657705 -45 77 -33 9 1
93 0.121633 9.978 166912 102400 9.96431 17 97 -59 16 19
49 25.21 1.632 8294400 102400 0.340546 -188 80 -42 3 13
47 16.4112 1.346 4812800 102400 0.56475 -110 46 -33 17 0
93 3.14141 0.043 409600 102400 0.00939785 -237 3 -40 10 14
101 14.3148 1.289 4096000 102400 0.979594 5 39 -9 3 5
67 23.9243 1.568 7680000 102400 0.693466 -23 74 -15 10 0
69 17.0442 1.355 5017600 102400 0.800199 80 48 -55 11 17
66 16.7596 1.395 5017600 102400 0.814981 -144 48 -12 10 0
38 14.3336 1.286 4096000 102400 0.463632 -140 39 -50 13 4
33 8.14679 1.011 2048000 102400 0.537515 -141 19 -34 7 11
102 20.9872 0.288 3379200 102400 0.0352426 -60 32 -21 16 1
97 18.2573 1.378 5427200 102400 0.951131 -58 52 -40 12 8
46 28.2162 1.729 9625600 102400 0.132533 -119 95 -14 14 4
89 21.4355 1.484 6656000 102400 0.913424 -70 64 -55 11 17
22 0.0754978 9.091 95232 102400 9.05797 -24 55 -59 12 1
94 2.44525 1.01 614400 102400 0.960133 -50 5 -37 5 0
76 16.6898 0.227 2560000 102400 -0.0299901 36 24 -19 0 9
58 18.4875 1.437 5632000 102400 0.696159 -53 54 -50 15 6
90 24.8901 1.6 8089600 102400 0.914236 -97 79 -34 3 5
10 28.1637 1.705 9523200 102400 -5.56063 -8 92 -17 1 6
48 26.1863 1.659 8704000 102400 0.275536 34 84 -8 19 6
77 2.02863 1.019 512000 102400 0.968269 -76 4 -30 2 0
46 22.1573 1.514 6963200 102400 0.359109 25 67 -26 1 0
18 12.0564 0.155 1740800 102400 -0.582847 11 16 -48 4 13
70 6.80713 0.083 921600 102400 -0.0174464 -246 8 -45 17 18
65 29.0528 1.735 9932800 102400 0.569135 -155 98 -54 12 5
71 23.8593 1.575 7680000 102400 0.749736 -134 74 -21 11 4
14 28.9681 1.743 9932800 102400 -3.66995 -115 97 -25 1 0
12 21.3753 1.491 6656000 102400 -2.74077 -213 64 -53 4 13
61 10.9607 0.121 1536000 102400 -0.0711107 -165 14 -12 0 18
79 19.5909 1.467 6041600 102400 0.883535 -112 58 -45 1 18
75 26.0602 1.609 8499200 102400 0.744417 -248 82 -11 18 18
35 15.0802 0.195 2252800 102400 -0.296071 -131 21 -46 15 16
51 25.2343 1.597 8192000 102400 0.37151 -31 79 -53 5 11
64 15.7129 1.346 4608000 102400 0.796684 -77 44 -15 16 17
108 9.72296 1.022 2457600 102400 0.848389 -200 23 -37 9 0
78 6.90759 1.016 1740800 102400 0.845728 -174 16 -57 1 8
81 27.8095 1.71 9420800 102400 0.822654 -156 93 -4 17 15
103 21.5484 1.509 6758400 102400 1.00839 -188 65 -21 7 9
63 16.6681 1.359 4915200 102400 0.763762 -118 47 -42 5 16
18 0.00407451 3.021 2048 102400 3.02013 -89 3 -59 19 19
37 23.8715 1.608 7782400 102400 0.00327027 -234 76 -21 15 9
24 29.3514 1.763 10137600 102400 -1.45966 16 99 -36 11 5
73 20.2059 1.473 6246400 102400 0.820175 -56 60 -7 12 17
19 22.105 1.557 7065600 102400 -1.28017 -91 68 -12 6 10
63 13.3477 0.166 1945600 102400 -0.0696151 38 18 -54 13 3
60 25.5115 1.633 8396800 102400 0.565292 49 81 -32 17 16
32 7.32482 1.013 1843200 102400 0.573547 -27 17 -37 8 8
77 13.7008 1.272 3891200 102400 0.886448 64 37 -26 3 4
63 24.7848 1.578 7987200 102400 0.610738 -175 77 -55 0 10
37 20.1269 1.442 6144000 102400 0.175108 -87 59 -20 18 1
33 19.3344 0.271 3072000 102400 -0.439227 -194 29 -6 11 4
69 16.0415 1.349 4710400 102400 0.828167 -230 45 -43 1 3
85 11.0036 1.01 2764800 102400 0.761838 -121 26 -35 18 1
103 12.0939 1.032 3072000 102400 0.804451 86 29 -28 8 2
33 23.9676 1.495 7475200 102400 -0.23322 -166 72 -42 1 0
20 29.6302 1.737 10137600 102400 -2.13019 -226 99 -44 0 0
87 22.5577 1.542 7168000 102400 0.913408 -230 69 -28 8 19
80 3.92676 0.043 512000 102400 -0.00582813 -48 4 -45 3 3
90 12.0564 0.155 1740800 102400 0.00743055 -15 16 -28 2 13
89 18.8082 1.439 5734400 102400 0.947427 -245 55 -34 13 2
87 14.8682 1.314 4300800 102400 0.936845 -120 41 -3 11 11
52 5.4093 0.06 716800 102400 -0.0451683 -168 6 -51 3 3
44 5.70275 1.011 1433600 102400 0.76242 48 13 -9 16 16
96 6.11922 1.008 1536000 102400 0.88593 -234 14 -1 7 9
103 0.0207071 8.099 23552 102400 8.09726 -129 17 -59 19 16
25 22.9794 1.531 7270400 102400 -0.68775 -47 70 -17 9 14
72 19.4084 1.448 5939200 102400 0.81866 46 57 -50 15 8
89 28.8944 1.75 9932800 102400 0.898525 -103 96 -2 6 11
44 12.6997 0.161 1843200 102400 -0.158602 -2 17 -15 9 4
79 11.3267 1.025 2867200 102400 0.748101 -150 27 -57 11 6
58 26.465 1.631 8704000 102400 0.486065 -104 84 -21 9 6
105 8.87941 0.107 1228800 102400 0.0177143 -17 11 -7 11 4
43 17.7644 0.245 2764800 102400 -0.245552 -88 26 -44 12 2
27 22.0418 1.49 6860800 102400 -0.448657 -139 67 -6 2 11
36 14.0428 1.275 3993600 102400 0.428646 28 38 -2 1 16
11 24.0188 1.592 7782400 102400 -3.80573 -42 75 -6 9 16
87 16.8831 1.426 5120000 102400 0.977006 -157 49 -35 11 5
101 21.1126 1.522 6656000 102400 1.01922 -140 64 -5 9 13
71 2.39043 0.028 307200 102400 -0.00501056 -268 2 -12 0 16
61 16.7307 0.224 2560000 102400 -0.0961844 -8 24 -3 2 5
89 6.81342 0.082 921600 102400 0.00299719 -259 8 -1 7 16
65 12.0983 0.151 1740800 102400 -0.0533269 -103 16 -12 17 8
79 16.2932 1.363 4812800 102400 0.898206 -35 46 -28 4 17
49 20.0401 0.308 3276800 102400 -0.202204 -39 31 -27 16 12
23 15.1828 1.32 4403200 102400 -0.140598 43 42 -50 7 11
93 15.7666 1.338 4608000 102400 0.959976 -42 44 -40 8 4
87 13.8902 1.3 3993600 102400 0.949784 -84 38 -36 5 5
16 16.6964 1.355 4915200 102400 -0.98875 -118 47 -30 0 16
84 28.9119 1.72 9830400 102400 0.827143 -50 97 0 17 17
34 26.868 1.683 9011200 102400 -0.339059 56 87 -4 19 10
47 6.09014 0.076 819200 102400 -0.0569787 -51 7 -57 18 16
94 22.0695 1.524 6963200 102400 0.95884 9 67 -54 16 5
108 27.7014 1.691 9318400 102400 1.03272 25 90 -48 1 16
15 23.1064 1.588 7475200 102400 -2.21408 -120 72 -52 6 0
101 25.4728 1.637 8396800 102400 1.00272 -54 81 -1 17 8
32 12.1417 1.024 3072000 102400 0.291578 -54 29 -36 6 18
51 20.046 1.411 6041600 102400 0.507201 0 58 0 17 2
21 14.5519 1.308 4198400 102400 -0.217298 -170 40 -4 15 0
97 22.3763 1.526 7065600 102400 0.970265 -6 68 -49 3 8
95 24.9461 1.627 8192000 102400 0.969105 49 79 -28 1 2
87 19.923 1.467 6144000 102400 0.928207 -40 59 -9 17 16
71 13.8367 0.184 2048000 102400 -0.0360704 -12 19 -31 0 9
19 23.6641 1.527 7475200 102400 -1.47464 -46 72 -52 14 15
26 28.9892 1.741 9932800 102400 -1.17366 74 97 -56 4 13
94 18.4006 1.404 5529600 102400 0.955197 26 53 -52 9 16
31 20.2748 1.505 6348800 102400 -0.0575 -33 62 -33 14 1
39 25.7639 1.639 8499200 102400 -0.0236603 -1 82 -6 5 4
31 13.963 1.288 3993600 102400 0.305137 6 38 -27 19 10
41 27.6643 1.665 9216000 102400 -0.049939 -61 90 -43 12 3
65 22.1221 1.518 6963200 102400 0.700692 -179 67 -29 15 16
19 24.1586 1.577 7782400 102400 -1.548 -140 77 -31 12 14
87 13.9083 1.297 3993600 102400 0.946784 10 38 -8 2 18
11 17.653 1.413 5324800 102400 -2.28018 -261 51 -21 16 16
50 26.3249 1.645 8704000 102400 0.316875 58 84 -52 3 4
94 28.7269 1.709 9728000 102400 0.919439 82 95 -52 2 13
68 16.0552 1.347 4710400 102400 0.818507 -84 45 -15 18 16
101 20.2119 0.459 3686400 102400 0.180535 -21 35 -26 14 3
86 16.0895 1.342 4710400 102400 0.924122 -14 45 -1 3 19
79 12.0148 0.159 1740800 102400 -0.00911709 -217 16 -52 8 13
32 18.1365 1.439 5529600 102400 0.120641 -142 53 -30 7 16
58 25.3351 1.619 8294400 102400 0.527944 22 80 -15 18 5
51 28.1628 1.676 9420800 102400 0.266686 -223 91 -8 0 14
62 12.667 0.164 1843200 102400 -0.0628145 -93 17 -6 9 10
29 8.91712 1.021 2252800 102400 0.428328 -116 21 -34 2 18
108 14.8682 1.314 4300800 102400 1.01018 -131 41 -53 11 16
99 16.3485 1.355 4812800 102400 0.984104 -244 46 -50 2 8
101 12.5278 1.027 3174400 102400 0.78721 -218 30 -19 0 18
30 15.6928 1.349 4608000 102400 0.177125 75 44 -25 4 5
36 27.9642 1.695 9420800 102400 -0.301528 42 91 -44 2 12
48 17.2449 0.235 2662400 102400 -0.188177 53 25 -23 2 17
15 18.378 0.248 2867200 102400 -1.21033 26 27 -29 12 5
41 17.2383 1.376 5120000 102400 0.423256 -224 49 -13 4 8
98 17.8902 1.381 5324800 102400 0.966459 -232 51 -42 9 10
59 11.3571 0.154 1638400 102400 -0.0578644 -205 15 -52 3 18
10 27.3471 1.636 9011200 102400 -5.239 -103 87 -46 12 7
36 19.5355 1.474 6041600 102400 0.193618 27 58 -27 9 15
24 19.3294 1.458 5939200 102400 -0.430021 -212 57 -40 9 12
55 3.15958 0.037 409600 102400 -0.0198182 -182 3 -30 5 14
86 28.2986 1.75 9728000 102400 0.886991 -171 94 -13 7 14
31 24.1578 1.611 7884800 102400 -0.329524 -216 76 -14 14 11
12 16.8034 1.34 4915200 102400 -1.785 -155 47 -36 1 13
75 6.93511 1.008 1740800 102400 0.830917 68 16 -31 8 16
82 20.9531 1.463 6451200 102400 0.862771 75 62 -36 14 1
61 17.0805 1.35 5017600 102400 0.722439 6 48 -37 9 1
36 23.3136 1.565 7475200 102400 -0.0192014 13 72 -51 10 3
97 25.768 1.575 8294400 102400 0.922616 55 80 -9 2 7
106 2.03974 1.008 512000 102400 0.971149 -244 4 -46 17 0
76 22.4118 1.522 7065600 102400 0.812707 -197 68 -49 9 14
27 22.6558 1.531 7168000 102400 -0.494463 29 69 -41 11 18
45 29.4092 1.674 9830400 102400 0.00733333 -253 95 -16 18 4
92 24.4528 1.546 7782400 102400 0.90062 85 75 -51 18 5
53 24.8043 1.609 8089600 102400 0.444495 -74 78 -38 19 18
99 6.8604 0.194 1024000 102400 0.115086 -247 9 -58 12 19
84 5.39911 0.062 716800 102400 -0.00310417 -205 6 -21 19 11
37 4.48073 1.011 1126400 102400 0.778736 -204 10 -37 10 9
54 0.00803098 1.04 2048 102400 1.03971 -216 9 -59 12 8
100 14.5582 1.307 4198400 102400 0.986687 -79 40 -21 3 10
69 24.711 1.652 8192000 102400 0.746203 -73 79 -57 19 0
52 27.1186 1.628 8908800 102400 0.320909 -130 86 -56 11 11
52 8.90831 1.023 2252800 102400 0.692471 -23 21 -43 15 5
60 14.2401 1.301 4096000 102400 0.780167 -154 39 -19 12 14
77 28.3313 1.689 9523200 102400 0.745412 -142 92 -32 6 0
42 25.1318 1.575 8089600 102400 0.105506 -250 78 -4 8 9
37 17.7217 0.248 2764800 102400 -0.322101 -47 26 -48 13 12
100 8.92154 1.02 2252800 102400 0.848125 33 21 0 11 3
67 27.4378 1.687 9216000 102400 0.63756 -210 92 -44 14 19
21 24.288 1.597 7884800 102400 -1.26758 60 76 -34 12 8
105 28.5268 1.728 9728000 102400 1.02115 7 96 -22 2 19
69 24.0837 1.551 7680000 102400 0.701815 -227 74 -36 1 2
103 1.59828 0.025 204800 102400 0.0098301 -86 1 -13 15 16
15 17.6276 1.37 5222400 102400 -1.28625 -20 50 -18 8 9
40 22.5189 1.51 7065600 102400 0.162344 7 68 -44 0 12
14 17.3857 0.225 2662400 102400 -1.22589 29 25 -12 7 19
37 6.52067 1.01 1638400 102400 0.672162 14 15 -36 19 8
87 14.4553 0.19 2150400 102400 0.00142241 -172 20 -2 12 1
89 25.7542 1.64 8499200 102400 0.911419 26 82 -42 12 0
109 4.05324 1.021 1024000 102400 0.949326 -236 9 -26 0 7
92 17.0009 1.361 5017600 102400 0.944899 -175 48 -50 9 17
77 13.2908 0.171 1945600 102400 -0.021776 -229 18 -28 16 10
104 6.85778 0.075 921600 102400 0.00739183 -125 8 -14 6 17
18 18.4827 1.349 5427200 102400 -0.951347 -167 52 -40 10 8
13 24.2974 1.596 7884800 102400 -3.0314 19 76 -45 13 13
24 13.9204 1.295 3993600 102400 0.0254687 -187 38 -28 8 7
75 25.599 1.624 8396800 102400 0.769833 -135 81 -49 9 8
10 4.88321 1.013 1228800 102400 0.0755 -66 11 -23 12 15
23 20.4039 1.449 6246400 102400 -0.623011 61 60 -29 13 4
99 12.6997 0.161 1843200 102400 0.0189545 49 17 -15 12 14
49 3.14744 0.041 409600 102400 -0.0227755 -242 3 -56 11 3
38 3.90058 0.05 512000 102400 -0.0527961 -234 4 -55 9 17
15 25.1526 1.638 8294400 102400 -2.58075 -105 80 -41 0 11
79 7.73176 1.013 1945600 102400 0.825104 -166 18 -27 16 10
34 8.17639 0.102 1126400 102400 -0.150757 12 10 -53 9 14
59 20.9959 1.497 6553600 102400 0.649542 -228 63 -27 2 1
51 20.5967 2.142 8089600 102400 0.931828 -56 78 -58 3 15
28 28.2867 1.867 10137600 102400 -0.895277 -71 98 -57 13 11
21 14.5835 1.303 4198400 102400 -0.222298 -261 40 -10 17 16
68 13.3697 1.267 3788800 102400 0.841908 -7 36 -39 1 16
68 6.80085 0.084 921600 102400 -0.0194007 84 8 -38 8 19
48 0.799142 0.025 102400 102400 0.00872396 30 0 -50 4 8
32 4.07542 1.01 1024000 102400 0.765859 -86 9 -29 13 19
85 12.3785 1.25 3481600 102400 0.9375 -109 33 -41 7 11
70 26.6548 1.643 8806400 102400 0.683179 -162 85 -33 9 1
41 13.3592 0.165 1945600 102400 -0.197043 58 18 -10 18 3
38 22.443 1.555 7168000 102400 0.115855 -190 69 -38 12 1
45 2.37886 0.033 307200 102400 -0.0190833 -233 2 -56 16 19
90 20.9787 1.46 6451200 102400 0.913125 -80 62 -28 2 17
104 0.069059 8.727 83968 102400 8.72084 -27 40 -59 2 13
20 24.756 1.581 7987200 102400 -1.46588 88 77 -47 9 1
21 14.4029 1.275 4096000 102400 -0.213095 73 39 -41 15 5
96 29.1701 1.724 9932800 102400 0.934612 -89 98 -1 0 9
26 21.8749 1.509 6860800 102400 -0.504221 16 66 -47 9 1
95 20.8456 1.515 6553600 102400 0.988684 -181 63 0 11 18
26 29.3642 1.706 9932800 102400 -1.20866 -155 96 -27 6 7
66 18.2175 0.259 2867200 102400 -0.0724394 -60 27 -6 2 0
24 15.1893 1.319 4403200 102400 -0.0807396 -170 42 -49 9 19
40 20.3197 0.29 3276800 102400 -0.335 -88 31 -34 14 8
58 22.609 1.5 7065600 102400 0.570582 -104 68 -36 9 14
37 22.0404 1.453 6758400 102400 0.0594189 -153 65 -52 11 3
27 25.6473 1.651 8499200 102400 -0.75062 -259 83 -38 5 10
16 20.367 0.287 3276800 102400 -1.2755 -17 31 -42 1 19
44 27.3574 1.635 9011200 102400 0.0725 -5 88 -28 17 8
35 25.803 1.635 8499200 102400 -0.217679 -89 82 -19 9 4
69 18.1504 1.392 5427200 102400 0.791909 -204 52 -27 15 12
67 24.5336 1.571 7884800 102400 0.673146 -166 76 -47 16 5
61 20.8955 1.509 6553600 102400 0.689328 0 63 -4 15 2
68 0.0638791 9.644 84992 102400 9.63446 53 85 -59 5 12
54 14.4345 1.043 3686400 102400 0.522167 -53 35 -39 8 19
105 3.14141 0.043 409600 102400 0.0132381 86 3 -31 9 19
91 18.0298 1.408 5427200 102400 0.952986 58 52 -8 1 18
29 12.068 1.24 3379200 102400 0.350991 -126 32 -29 15 12
87 18.7876 0.308 3072000 102400 0.0386034 -241 29 -57 5 0
71 23.5988 1.534 7475200 102400 0.730743 -57 73 -8 6 16
15 3.66788 1.01 921600 102400 0.54125 -260 8 -1 4 19
40 26.9443 1.645 8908800 102400 -0.0542188 -103 86 -30 2 9
71 1.60141 0.023 204800 102400 0.000992957 -42 1 -42 1 11
40 27.8629 1.646 9216000 102400 -0.111813 30 90 -44 15 11
78 15.5091 1.324 4505600 102400 0.883295 -166 43 -32 7 4
40 24.1121 1.548 7680000 102400 0.0831562 -236 74 -40 6 5
69 9.57612 0.112 1331200 102400 -0.035192 -84 12 -5 19 3
38 8.52023 1.019 2150400 102400 0.587257 -101 20 -23 18 19
100 19.7188 1.451 6041600 102400 0.990062 -13 58 -33 11 19
20 8.16898 0.103 1126400 102400 -0.326688 -60 10 -4 19 5
70 28.384 1.684 9523200 102400 0.646054 -70 92 -4 8 17
29 13.7785 0.189 2048000 102400 -0.349793 -250 19 -52 14 1
55 29.1809 1.723 9932800 102400 0.345159 -156 99 -29 3 7
40 27.0292 1.667 9011200 102400 -0.05175 -90 87 -37 9 2
88 14.7177 1.282 4198400 102400 0.918009 -161 40 -12 10 14
92 28.0644 1.627 9216000 102400 0.862734 -219 90 -42 11 8
50 1.60141 0.023 204800 102400 -0.00825 -183 1 -12 2 6
63 13.6827 1.275 3891200 102400 0.80377 -14 37 -24 19 1
107 26.1273 1.665 8704000 102400 1.04438 -185 84 -4 4 1
77 18.7638 0.266 2969600 102400 -0.028237 13 28 -50 18 9
56 17.1805 1.384 5120000 102400 0.686455 -80 49 -3 7 12
77 27.3056 1.61 8908800 102400 0.727289 -79 86 -15 3 7
37 14.4431 0.191 2150400 102400 -0.252412 -3 20 -16 5 19
78 24.1296 1.648 7987200 102400 0.86675 -232 77 -57 0 13
101 27.0393 1.666 9011200 102400 0.985307 -110 87 -9 11 7
22 13.963 1.288 3993600 102400 -0.0969432 -161 38 -56 10 4
68 25.0032 1.621 8192000 102400 0.701882 -21 79 -12 12 12
86 13.9447 1.291 3993600 102400 0.936712 -183 38 -27 16 8
39 28.6212 1.719 9728000 102400 -0.184045 -93 96 -36 7 4
34 23.6329 1.565 7577600 102400 -0.135368 -131 73 -11 3 17
24 13.2702 1.284 3788800 102400 0.0795729 -33 36 -16 4 19
90 17.3999 0.224 2662400 102400 -0.00169445 -250 25 -15 7 0
102 3.66788 1.01 921600 102400 0.941066 32 8 -57 14 14
105 0.0776214 9.026 97280 102400 9.01893 -100 74 -59 1 13
74 23.248 1.537 7372800 102400 0.776865 29 71 -7 3 2
77 20.5426 0.276 3276800 102400 -0.0486753 55 31 -48 5 15
25 0.792953 0.033 102400 102400 0.00175 -187 0 -8 8 3
19 20.1977 1.474 6246400 102400 -1.03422 0 60 -26 7 5
53 3.91176 0.047 512000 102400 -0.0267028 -57 4 -15 0 5
99 20.2263 1.43 6144000 102400 0.956515 -60 59 -30 8 15
50 18.9365 1.509 5939200 102400 0.60275 77 57 -57 18 10
92 3.24902 1.017 819200 102400 0.949065 -213 7 -47 2 17
63 28.1628 1.676 9420800 102400 0.535127 52 91 -48 5 13
41 29.2023 1.721 9932800 102400 -0.127323 -160 96 -28 5 15
31 23.5229 1.577 7577600 102400 -0.287919 -159 73 -50 13 18
37 4.87353 1.017 1228800 102400 0.763622 34 11 -34 9 2
50 28.1472 1.823 9932800 102400 0.307375 -195 96 -57 10 12
72 16.0347 1.35 4710400 102400 0.850868 -5 45 -12 7 7
21 0.0211297 0.163 3072 102400 0.161884 -85 1 -59 0 9
79 14.881 1.312 4300800 102400 0.896652 -61 41 -32 12 17
63 29.3523 1.735 10035200 102400 0.519722 -60 97 -53 19 6
39 16.0758 1.344 4710400 102400 0.422526 20 45 -3 7 2
86 28.1944 1.673 9420800 102400 0.837244 -114 91 -45 5 15
67 26.924 1.647 8908800 102400 0.632541 -55 87 -8 11 16
28 18.4668 0.242 2867200 102400 -0.53925 60 27 -4 17 12
65 16.6626 0.229 2560000 102400 -0.0714808 -182 24 -1 1 9
98 13.2586 1.286 3788800 102400 0.991038 18 36 -47 2 4
34 21.6095 1.464 6656000 102400 -0.0295662 -211 64 -51 8 4
34 25.8353 1.6 8396800 102400 -0.284191 -54 81 0 6 12
50 29.3332 1.653 9728000 102400 0.168625 -256 94 -30 7 4
13 28.8013 1.702 9728000 102400 -4.00713 -58 95 -31 18 12
79 15.5292 1.321 4505600 102400 0.885873 63 43 -47 0 11
24 16.1654 1.331 4710400 102400 -0.166396 -44 45 -18 8 10
68 13.9691 1.287 3993600 102400 0.83893 -225 38 -5 11 19
65 17.4291 1.397 5222400 102400 0.784019 -89 50 -6 1 15
71 19.6867 1.455 6041600 102400 0.805792 58 58 -21 8 9
89 0.165888 9.074 208896 102400 9.05609 -241 82 -59 12 0
96 28.1852 1.732 9625600 102400 0.967026 -179 94 -4 5 18
11 29.1594 1.725 9932800 102400 -5.1642 -7 96 -47 4 9
79 19.504 1.436 5939200 102400 0.862424 24 57 -27 16 5
105 19.8075 0.282 3174400 102400 0.0513452 -251 30 -25 11 9
108 18.3486 0.25 2867200 102400 0.0474537 48 27 -13 12 4
48 13.6707 1.277 3891200 102400 0.65851 71 37 -25 11 17
31 14.234 1.302 4096000 102400 0.293935 -87 39 -28 16 12
40 15.1632 1.323 4403200 102400 0.483156 -67 42 -44 16 16
103 24.8716 1.569 7987200 102400 0.977374 64 77 -44 18 9
82 15.556 1.317 4505600 102400 0.897793 -97 43 -12 8 17
16 20.6265 1.502 6451200 102400 -1.57417 48 62 -53 6 18
25 25.0415 1.617 8192000 102400 -0.883 -108 79 -53 0 2
58 29.2241 1.747 10035200 102400 0.426957 -129 97 -54 7 18
68 28.4981 1.702 9625600 102400 0.622037 -238 93 -29 5 11
97 25.6764 1.648 8499200 102400 0.979508 -101 82 -4 7 13
24 16.3694 1.352 4812800 102400 -0.177948 -101 46 -37 14 17
64 19.3955 0.267 3072000 102400 -0.0992109 29 29 -26 1 11
42 18.7726 1.4 5632000 102400 0.376935 -253 54 -8 0 12
15 15.0853 1.335 4403200 102400 -0.904583 28 42 -4 4 9
88 15.8412 1.327 4608000 102400 0.927497 -139 44 -10 6 0
33 27.83 1.708 9420800 102400 -0.47003 -221 92 -53 1 8
40 24.804 1.576 7987200 102400 0.0525625 -233 77 -3 12 11
84 20.9957 1.458 6451200 102400 0.872062 -242 62 -16 19 11
103 12.9384 1.026 3276800 102400 0.783282 86 31 -16 15 12
51 16.1937 0.214 2457600 102400 -0.153647 -28 23 -47 14 18
108 21.4614 1.481 6656000 102400 1.0108 -253 64 -53 1 0
30 25.1051 1.643 8294400 102400 -0.466375 -30 80 -43 18 17
23 16.6539 1.361 4915200 102400 -0.269435 86 47 -18 13 11
71 5.38897 0.064 716800 102400 -0.0130246 -7 6 -49 8 6
72 19.0741 1.405 5734400 102400 0.797361 82 55 -51 15 8
81 20.1814 1.476 6246400 102400 0.887651 56 60 -1 3 5
21 20.3675 2.66 9318400 102400 -0.725417 71 91 -58 6 16
88 10.1936 1.009 2560000 102400 0.787054 -237 24 -22 3 9
59 28.3524 1.687 9523200 102400 0.455538 59 92 -19 4 3
78 8.84745 0.111 1228800 102400 -0.00919231 -257 11 -24 11 10
41 14.2401 1.301 4096000 102400 0.538805 -195 39 -42 13 17
46 29.1368 1.699 9830400 102400 0.0685652 -244 95 -39 4 13
108 21.4459 1.521 6758400 102400 1.04357 -267 66 -38 1 14
29 16.5767 1.372 4915200 102400 0.0788966 -210 47 -30 1 17
51 14.3399 1.285 4096000 102400 0.672255 -25 39 -50 7 6
39 16.4617 0.244 2560000 102400 -0.256801 85 24 -19 0 12
89 12.667 0.164 1843200 102400 0.00599438 45 17 -3 19 11
90 24.4997 1.608 7987200 102400 0.930917 -61 77 -56 14 2
62 17.8977 1.38 5324800 102400 0.724758 -35 51 -10 11 18
12 16.0415 1.349 4710400 102400 -1.64579 -114 45 -49 0 0
64 25.9368 1.653 8601600 102400 0.627609 90 83 0 10 9
49 26.5844 1.65 8806400 102400 0.278827 -7 85 -14 17 3
25 13.9071 0.178 2048000 102400 -0.447 -231 19 -10 1 10
93 22.052 1.526 6963200 102400 0.954763 -102 67 -32 18 12
102 13.5931 1.29 3891200 102400 0.998946 -113 37 -12 8 14
85 16.3833 1.35 4812800 102400 0.918015 -38 46 -24 15 12
93 10.8542 0.132 1536000 102400 0.00599193 -19 14 -25 17 18
80 29.1922 1.75 10035200 102400 0.792969 51 98 -26 2 7
72 5.39404 0.063 716800 102400 -0.0129549 -94 6 -43 3 10
40 18.6405 1.417 5632000 102400 0.342781 -150 54 -13 19 8
18 19.5909 1.467 6041600 102400 -1.09376 -97 58 -52 0 17
40 15.4559 1.332 4505600 102400 0.472625 -127 43 -42 16 10
26 1.58591 0.033 204800 102400 -0.0270962 -72 1 -47 9 0
55 25.1858 1.602 8192000 102400 0.465636 -40 79 -45 7 2
63 24.0272 1.557 7680000 102400 0.62694 -109 75 -33 3 10
56 6.09191 1.017 1536000 102400 0.807737 -50 14 -37 7 18
81 23.8383 1.646 7884800 102400 0.90333 -101 76 -57 17 19
21 27.0596 1.664 9011200 102400 -1.60981 -89 87 -38 14 16
98 19.0893 1.446 5836800 102400 0.991599 84 56 -24 9 16
50 14.7915 1.326 4300800 102400 0.66975 -89 41 -7 6 9
77 27.0877 1.631 8908800 102400 0.748289 -206 86 -15 19 5
57 27.5377 1.707 9318400 102400 0.459741 -139 90 -30 8 12
64 19.6228 1.463 6041600 102400 0.742785 -166 58 -47 0 8
36 15.1111 1.331 4403200 102400 0.39784 46 42 -35 3 3
106 21.6848 1.531 6860800 102400 1.03719 10 66 -25 4 3
48 12.046 0.156 1740800 102400 -0.120693 -14 16 -46 16 0
57 26.8011 1.598 8704000 102400 0.432978 -167 85 -36 5 16
39 1.59517 0.027 204800 102400 -0.0130641 -228 1 -43 13 3
16 6.08449 0.077 819200 102400 -0.313625 37 7 -6 2 10
28 18.4573 1.441 5632000 102400 -0.0935982 -41 54 -10 5 11
40 19.6573 1.417 5939200 102400 0.284187 -207 57 -34 7 9
58 24.5279 1.605 7987200 102400 0.554353 -235 77 -30 14 10
78 19.9006 0.276 3174400 102400 -0.0344968 -226 30 -37 15 13
