4 0.00268758 2.048 1024 1024 2.04605 -90 0 -24 1 1
10 0 -1e-09 0 1024 -1e-09 -70 0 -59 1 1
7 0.0037732 1.171 1024 1024 1.16988 -30 0 -34 1 1
4 0.00268758 2.048 1024 1024 2.04605 -150 0 -3 1 1
5 0.00310409 1.639 1024 1024 1.63744 -32 0 -9 1 1
4 0.00268758 2.048 1024 1024 2.04605 -75 0 -27 1 1
5 0.00310409 1.639 1024 1024 1.63744 -118 0 -2 1 1
2 0.0016075 4.096 1024 1024 4.09209 71 0 -27 1 1
7 0.0037732 1.171 1024 1024 1.16988 -73 0 -16 1 1
2 0.0016075 4.096 1024 1024 4.09209 -225 0 -7 1 1
7 0.0037732 1.171 1024 1024 1.16988 -11 0 -40 1 1
1 0.0008912 8.192 1024 1024 8.18419 47 0 -20 1 1
1 0.0008912 8.192 1024 1024 8.18419 -231 0 -7 1 1
1 0.0008912 8.192 1024 1024 8.18419 -244 0 -53 1 1
4 0.00268758 2.048 1024 1024 2.04605 -197 0 -44 1 1
9 0.00428654 0.911 1024 1024 0.910132 -154 0 -34 1 1
4 0.00268758 2.048 1024 1024 2.04605 -140 0 -4 1 1
9 0.00428654 0.911 1024 1024 0.910132 -221 0 -6 1 1
1 0.0008912 8.192 1024 1024 8.18419 -76 0 -54 1 1
7 0.0037732 1.171 1024 1024 1.16988 -44 0 -30 1 1
4 0 -1e-09 0 1024 -1e-09 -239 0 -59 1 1
8 0.00404723 1.024 1024 1024 1.02302 38 0 -23 1 1
9 0.00428654 0.911 1024 1024 0.910132 -150 0 -20 1 1
6 0.00346224 1.366 1024 1024 1.3647 44 0 -56 1 1
7 0.0037732 1.171 1024 1024 1.16988 38 0 -30 1 1
1 0.0008912 8.192 1024 1024 8.18419 -7 0 -16 1 1
8 0.00404723 1.024 1024 1024 1.02302 -161 0 -42 1 1
6 0.00346224 1.366 1024 1024 1.3647 26 0 -35 1 1
9 0.00428654 0.911 1024 1024 0.910132 -64 0 -18 1 1
2 0.0016075 4.096 1024 1024 4.09209 -4 0 -37 1 1
3 0.0021956 2.731 1024 1024 2.7284 41 0 -29 1 1
6 0.00346224 1.366 1024 1024 1.3647 -48 0 -57 1 1
9 0.00428654 0.911 1024 1024 0.910132 -58 0 -14 1 1
3 0.0021956 2.731 1024 1024 2.7284 -60 0 -30 1 1
2 0.0016075 4.096 1024 1024 4.09209 78 0 -49 1 1
1 0.0008912 8.192 1024 1024 8.18419 5 0 -36 1 1
1 0.0008912 8.192 1024 1024 8.18419 -136 0 -20 1 1
7 0.0037732 1.171 1024 1024 1.16988 -79 0 -1 1 1
6 0.00346224 1.366 1024 1024 1.3647 7 0 -8 1 1
4 0.00268758 2.048 1024 1024 2.04605 -268 0 -53 1 1
6 0.00346224 1.366 1024 1024 1.3647 83 0 -33 1 1
2 0.0016075 4.096 1024 1024 4.09209 27 0 -27 1 1
5 0.00310409 1.639 1024 1024 1.63744 -47 0 -2 1 1
6 0.00346224 1.366 1024 1024 1.3647 -60 0 -6 1 1
8 0.00404723 1.024 1024 1024 1.02302 -109 0 -28 1 1
10 0.00450085 0.82 1024 1024 0.819219 61 0 -15 1 1
6 0.00346224 1.366 1024 1024 1.3647 66 0 -36 1 1
3 0.0021956 2.731 1024 1024 2.7284 -239 0 -9 1 1
7 0.0037732 1.171 1024 1024 1.16988 -4 0 -47 1 1
8 0.00404723 1.024 1024 1024 1.02302 16 0 -9 1 1
8 0.00404723 1.024 1024 1024 1.02302 27 0 -53 1 1
10 0.00450085 0.82 1024 1024 0.819219 -150 0 -15 1 1
2 0.0016075 4.096 1024 1024 4.09209 55 0 -18 1 1
10 0.00450085 0.82 1024 1024 0.819219 -4 0 -50 1 1
5 0.00310409 1.639 1024 1024 1.63744 3 0 -14 1 1
6 0.00346224 1.366 1024 1024 1.3647 -165 0 -36 1 1
1 0.0008912 8.192 1024 1024 8.18419 -113 0 -23 1 1
4 0.00268758 2.048 1024 1024 2.04605 -234 0 -57 1 1
3 0.0021956 2.731 1024 1024 2.7284 -141 0 -42 1 1
5 0.00310409 1.639 1024 1024 1.63744 41 0 -33 1 1
10 0.00450085 0.82 1024 1024 0.819219 -202 0 -5 1 1
1 0.0008912 8.192 1024 1024 8.18419 -198 0 -18 1 1
6 0.00346224 1.366 1024 1024 1.3647 -2 0 -4 1 1
1 0.0008912 8.192 1024 1024 8.18419 58 0 -20 1 1
7 0.0037732 1.171 1024 1024 1.16988 -5 0 -50 1 1
7 0.0037732 1.171 1024 1024 1.16988 -9 0 -9 1 1
4 0.00268758 2.048 1024 1024 2.04605 38 0 -18 1 1
7 0.000246955 32.172 1024 1024 32.1709 -194 0 -59 1 1
7 0.0037732 1.171 1024 1024 1.16988 -27 0 -27 1 1
5 0.00310409 1.639 1024 1024 1.63744 -187 0 -46 1 1
2 0.0016075 4.096 1024 1024 4.09209 -252 0 -39 1 1
2 0.0016075 4.096 1024 1024 4.09209 -202 0 -11 1 1
10 0.00450085 0.82 1024 1024 0.819219 37 0 -17 1 1
4 0.00268758 2.048 1024 1024 2.04605 -57 0 -45 1 1
3 0.0021956 2.731 1024 1024 2.7284 -26 0 -9 1 1
9 0.00428654 0.911 1024 1024 0.910132 -210 0 -50 1 1
7 0.0037732 1.171 1024 1024 1.16988 13 0 -46 1 1
7 0.0037732 1.171 1024 1024 1.16988 -2 0 -2 1 1
1 0.0008912 8.192 1024 1024 8.18419 -132 0 -29 1 1
4 0.00268758 2.048 1024 1024 2.04605 -71 0 -21 1 1
8 0.00404723 1.024 1024 1024 1.02302 -240 0 -12 1 1
1 0.0008912 8.192 1024 1024 8.18419 -200 0 -3 1 1
1 0.0008912 8.192 1024 1024 8.18419 -94 0 -45 1 1
7 0.0037732 1.171 1024 1024 1.16988 -245 0 -10 1 1
2 0.0016075 4.096 1024 1024 4.09209 -86 0 -12 1 1
5 0.00310409 1.639 1024 1024 1.63744 75 0 -19 1 1
6 0.00346224 1.366 1024 1024 1.3647 -19 0 -54 1 1
7 0.0037732 1.171 1024 1024 1.16988 -165 0 0 1 1
6 0.00346224 1.366 1024 1024 1.3647 -215 0 -56 1 1
6 0.00346224 1.366 1024 1024 1.3647 -149 0 -27 1 1
10 0.00450085 0.82 1024 1024 0.819219 -162 0 -35 1 1
6 0.00346224 1.366 1024 1024 1.3647 45 0 -45 1 1
2 0.0016075 4.096 1024 1024 4.09209 -28 0 -56 1 1
7 0.0037732 1.171 1024 1024 1.16988 14 0 -27 1 1
10 0.00450085 0.82 1024 1024 0.819219 -171 0 -53 1 1
4 0.00268758 2.048 1024 1024 2.04605 37 0 -15 1 1
8 0.00404723 1.024 1024 1024 1.02302 19 0 -40 1 1
6 0.00346224 1.366 1024 1024 1.3647 -38 0 -2 1 1
1 0.0008912 8.192 1024 1024 8.18419 1 0 -5 1 1
10 0.00450085 0.82 1024 1024 0.819219 -200 0 -25 1 1
6 0.00346224 1.366 1024 1024 1.3647 -232 0 -32 1 1
8 0.00404723 1.024 1024 1024 1.02302 31 0 -23 1 1
9 0.00428654 0.911 1024 1024 0.910132 -46 0 -46 1 1
3 0.0021956 2.731 1024 1024 2.7284 -143 0 -54 1 1
8 0.00404723 1.024 1024 1024 1.02302 -236 0 -30 1 1
8 0.00404723 1.024 1024 1024 1.02302 -54 0 -13 1 1
5 0.00310409 1.639 1024 1024 1.63744 -100 0 -39 1 1
2 0.0016075 4.096 1024 1024 4.09209 -35 0 -24 1 1
10 0.00450085 0.82 1024 1024 0.819219 -198 0 -18 1 1
3 0.0021956 2.731 1024 1024 2.7284 -252 0 -8 1 1
3 0.0021956 2.731 1024 1024 2.7284 -16 0 -33 1 1
7 0.0037732 1.171 1024 1024 1.16988 -169 0 -37 1 1
3 0.0021956 2.731 1024 1024 2.7284 -37 0 -44 1 1
10 0.00450085 0.82 1024 1024 0.819219 -79 0 -51 1 1
2 0.0016075 4.096 1024 1024 4.09209 60 0 -54 1 1
7 0.0037732 1.171 1024 1024 1.16988 -100 0 -24 1 1
3 0.0021956 2.731 1024 1024 2.7284 -13 0 -35 1 1
10 0.00450085 0.82 1024 1024 0.819219 -65 0 -15 1 1
4 0.00268758 2.048 1024 1024 2.04605 42 0 -52 1 1
5 0.00310409 1.639 1024 1024 1.63744 1 0 -21 1 1
4 0.00268758 2.048 1024 1024 2.04605 25 0 -48 1 1
8 0.00404723 1.024 1024 1024 1.02302 -69 0 -45 1 1
10 0.00450085 0.82 1024 1024 0.819219 -241 0 -29 1 1
4 0.00268758 2.048 1024 1024 2.04605 -143 0 -16 1 1
6 0.00346224 1.366 1024 1024 1.3647 -73 0 -46 1 1
5 0.00310409 1.639 1024 1024 1.63744 -23 0 -37 1 1
3 0.0021956 2.731 1024 1024 2.7284 1 0 -17 1 1
1 0.0008912 8.192 1024 1024 8.18419 -129 0 -16 1 1
6 0.00346224 1.366 1024 1024 1.3647 85 0 -45 1 1
9 0.00428654 0.911 1024 1024 0.910132 -120 0 -52 1 1
5 0.00310409 1.639 1024 1024 1.63744 -223 0 0 1 1
8 0.00404723 1.024 1024 1024 1.02302 -46 0 -50 1 1
1 0.0008912 8.192 1024 1024 8.18419 2 0 -5 1 1
7 0.0037732 1.171 1024 1024 1.16988 -72 0 -35 1 1
4 0.00268758 2.048 1024 1024 2.04605 46 0 -18 1 1
5 0.00310409 1.639 1024 1024 1.63744 -124 0 -55 1 1
9 0.00428654 0.911 1024 1024 0.910132 50 0 -59 1 1
5 0.00310409 1.639 1024 1024 1.63744 -193 0 -38 1 1
7 0.0037732 1.171 1024 1024 1.16988 -68 0 -31 1 1
9 0.00428654 0.911 1024 1024 0.910132 77 0 -23 1 1
5 0.00310409 1.639 1024 1024 1.63744 -58 0 -40 1 1
6 0.00346224 1.366 1024 1024 1.3647 -217 0 -40 1 1
10 0.00450085 0.82 1024 1024 0.819219 -148 0 -50 1 1
9 0.00428654 0.911 1024 1024 0.910132 45 0 -43 1 1
2 0.0016075 4.096 1024 1024 4.09209 -12 0 -56 1 1
6 0.00346224 1.366 1024 1024 1.3647 64 0 -17 1 1
4 0.00268758 2.048 1024 1024 2.04605 -198 0 -11 1 1
5 0.00310409 1.639 1024 1024 1.63744 -184 0 -13 1 1
8 0.00404723 1.024 1024 1024 1.02302 36 0 -28 1 1
4 0.00268758 2.048 1024 1024 2.04605 -150 0 -55 1 1
6 0.00346224 1.366 1024 1024 1.3647 -195 0 -45 1 1
2 0.0016075 4.096 1024 1024 4.09209 62 0 -3 1 1
10 0.00450085 0.82 1024 1024 0.819219 -81 0 -54 1 1
7 0.0037732 1.171 1024 1024 1.16988 79 0 -44 1 1
4 0.00268758 2.048 1024 1024 2.04605 -17 0 -42 1 1
9 0.00428654 0.911 1024 1024 0.910132 -205 0 -28 1 1
2 0.0016075 4.096 1024 1024 4.09209 -258 0 -58 1 1
10 0.00450085 0.82 1024 1024 0.819219 -23 0 -36 1 1
4 0.00268758 2.048 1024 1024 2.04605 -223 0 -54 1 1
6 0.00346224 1.366 1024 1024 1.3647 -199 0 -26 1 1
1 0.0008912 8.192 1024 1024 8.18419 -170 0 -6 1 1
7 0.0037732 1.171 1024 1024 1.16988 40 0 -48 1 1
1 0.0008912 8.192 1024 1024 8.18419 60 0 -1 1 1
8 0.00404723 1.024 1024 1024 1.02302 -239 0 -51 1 1
10 0.00450085 0.82 1024 1024 0.819219 -199 0 -50 1 1
3 0.0021956 2.731 1024 1024 2.7284 -49 0 -38 1 1
7 0.00376626 1.175 1024 1024 1.17388 -235 0 -58 1 1
6 0.00346224 1.366 1024 1024 1.3647 6 0 -51 1 1
2 0.0016075 4.096 1024 1024 4.09209 -87 0 -37 1 1
9 0.00428654 0.911 1024 1024 0.910132 -115 0 -9 1 1
9 0.0016667 3.915 1024 1024 3.91413 -40 0 -59 1 1
1 0.0008912 8.192 1024 1024 8.18419 -72 0 -57 1 1
6 0.00346224 1.366 1024 1024 1.3647 -70 0 -49 1 1
4 0.00268758 2.048 1024 1024 2.04605 -49 0 -9 1 1
10 0.00450085 0.82 1024 1024 0.819219 -269 0 -30 1 1
2 0.0016075 4.096 1024 1024 4.09209 77 0 -46 1 1
3 0.0021956 2.731 1024 1024 2.7284 -173 0 -54 1 1
1 0.0008912 8.192 1024 1024 8.18419 87 0 -51 1 1
6 0.00346224 1.366 1024 1024 1.3647 -252 0 -18 1 1
8 0.00404723 1.024 1024 1024 1.02302 -158 0 -27 1 1
8 0.00404723 1.024 1024 1024 1.02302 -166 0 -44 1 1
3 0.0021956 2.731 1024 1024 2.7284 45 0 -2 1 1
10 0.00450085 0.82 1024 1024 0.819219 -114 0 -11 1 1
2 0.0016075 4.096 1024 1024 4.09209 -19 0 -2 1 1
8 0.00404723 1.024 1024 1024 1.02302 -26 0 -23 1 1
5 0.00310409 1.639 1024 1024 1.63744 -156 0 -49 1 1
5 0.00310409 1.639 1024 1024 1.63744 22 0 -50 1 1
7 0.0037732 1.171 1024 1024 1.16988 -47 0 -51 1 1
5 0.00310409 1.639 1024 1024 1.63744 -117 0 -43 1 1
9 0.00428654 0.911 1024 1024 0.910132 -127 0 -6 1 1
1 0.0008912 8.192 1024 1024 8.18419 20 0 -7 1 1
7 0.0037732 1.171 1024 1024 1.16988 81 0 -21 1 1
9 0.00428654 0.911 1024 1024 0.910132 -66 0 -33 1 1
4 0.00268758 2.048 1024 1024 2.04605 -232 0 -52 1 1
1 0.0008912 8.192 1024 1024 8.18419 -252 0 -20 1 1
9 0.00428654 0.911 1024 1024 0.910132 -161 0 -26 1 1
5 0.00310409 1.639 1024 1024 1.63744 29 0 -4 1 1
4 0.00268758 2.048 1024 1024 2.04605 88 0 -42 1 1
5 0.00310409 1.639 1024 1024 1.63744 -11 0 -13 1 1

