4 0.00268758 2.048 1024 1024 2.04605 45 0 -6 1 1
5 0.00310409 1.639 1024 1024 1.63744 72 0 -56 1 1
6 0.00346224 1.366 1024 1024 1.3647 -202 0 -23 1 1
9 0.00428654 0.911 1024 1024 0.910132 -227 0 -8 1 1
5 0.00310409 1.639 1024 1024 1.63744 -232 0 -48 1 1
5 0.00310409 1.639 1024 1024 1.63744 -16 0 -4 1 1
7 0.0037732 1.171 1024 1024 1.16988 -232 0 -33 1 1
9 0.00428654 0.911 1024 1024 0.910132 -146 0 -13 1 1
8 0.00404723 1.024 1024 1024 1.02302 -221 0 -21 1 1
7 0.0037732 1.171 1024 1024 1.16988 20 0 -33 1 1
3 0.0021956 2.731 1024 1024 2.7284 -147 0 -1 1 1
3 0.0021956 2.731 1024 1024 2.7284 89 0 -43 1 1
5 0.00310409 1.639 1024 1024 1.63744 -61 0 -27 1 1
2 0.0016075 4.096 1024 1024 4.09209 -233 0 -50 1 1
4 0.00268493 2.051 1024 1024 2.04905 -54 0 -59 1 1
4 0.00268758 2.048 1024 1024 2.04605 78 0 -41 1 1
6 0.00346224 1.366 1024 1024 1.3647 36 0 -22 1 1
2 0.0016075 4.096 1024 1024 4.09209 -78 0 -21 1 1
10 0.00450085 0.82 1024 1024 0.819219 16 0 -35 1 1
3 0.0021956 2.731 1024 1024 2.7284 -168 0 -24 1 1
2 0.0016075 4.096 1024 1024 4.09209 47 0 -26 1 1
4 0.00268758 2.048 1024 1024 2.04605 -166 0 -2 1 1
5 0.00310409 1.639 1024 1024 1.63744 89 0 -28 1 1
1 0.0008912 8.192 1024 1024 8.18419 -151 0 -30 1 1
5 0.00310409 1.639 1024 1024 1.63744 -14 0 -58 1 1
8 0.00404723 1.024 1024 1024 1.02302 -101 0 -35 1 1
5 0.00310409 1.639 1024 1024 1.63744 28 0 -9 1 1
3 0.0021956 2.731 1024 1024 2.7284 65 0 -6 1 1
7 0.0037732 1.171 1024 1024 1.16988 -54 0 -53 1 1
6 0.00346224 1.366 1024 1024 1.3647 -137 0 -41 1 1
8 0.00404723 1.024 1024 1024 1.02302 21 0 -41 1 1
10 0.00450085 0.82 1024 1024 0.819219 19 0 -58 1 1
1 0.0008912 8.192 1024 1024 8.18419 -198 0 -33 1 1
8 0.00404723 1.024 1024 1024 1.02302 30 0 -30 1 1
9 0.00428654 0.911 1024 1024 0.910132 -1 0 -51 1 1
7 0.0037732 1.171 1024 1024 1.16988 -19 0 -10 1 1
7 0.0037732 1.171 1024 1024 1.16988 -146 0 -54 1 1
9 0.00428654 0.911 1024 1024 0.910132 -125 0 -43 1 1
9 0.00428654 0.911 1024 1024 0.910132 6 0 -45 1 1
9 0.00428654 0.911 1024 1024 0.910132 -13 0 -19 1 1
4 0.00268758 2.048 1024 1024 2.04605 -135 0 -28 1 1
1 0.0008912 8.192 1024 1024 8.18419 -200 0 -40 1 1
10 0.00450085 0.82 1024 1024 0.819219 -174 0 -40 1 1
8 0.00404723 1.024 1024 1024 1.02302 39 0 -57 1 1
7 0.0037732 1.171 1024 1024 1.16988 -81 0 -5 1 1
5 0.00310409 1.639 1024 1024 1.63744 -78 0 -14 1 1
5 0.00310409 1.639 1024 1024 1.63744 -30 0 -24 1 1
10 0.00450085 0.82 1024 1024 0.819219 -14 0 -32 1 1
7 0.0037732 1.171 1024 1024 1.16988 -23 0 -22 1 1
8 0.00404723 1.024 1024 1024 1.02302 -84 0 -39 1 1
3 0.00219501 2.732 1024 1024 2.7294 -169 0 -58 1 1
2 0 -1e-09 0 1024 -1e-09 -26 0 -59 1 1
7 0.0037732 1.171 1024 1024 1.16988 -86 0 -48 1 1
1 0.0008912 8.192 1024 1024 8.18419 -84 0 0 1 1
1 0.0008912 8.192 1024 1024 8.18419 73 0 -57 1 1
3 0.0021956 2.731 1024 1024 2.7284 -119 0 -29 1 1
9 0.00428654 0.911 1024 1024 0.910132 -193 0 -28 1 1
7 0.0037732 1.171 1024 1024 1.16988 83 0 -47 1 1
2 0.0016075 4.096 1024 1024 4.09209 -7 0 -28 1 1
4 0.00268758 2.048 1024 1024 2.04605 -49 0 -55 1 1
2 0.0016075 4.096 1024 1024 4.09209 -73 0 -19 1 1
5 0.00310409 1.639 1024 1024 1.63744 -221 0 -23 1 1
2 0.0016075 4.096 1024 1024 4.09209 -170 0 -46 1 1
5 0.00310409 1.639 1024 1024 1.63744 15 0 -43 1 1
8 0.00404723 1.024 1024 1024 1.02302 78 0 -54 1 1
1 0.0008912 8.192 1024 1024 8.18419 -243 0 -23 1 1
7 0.0037732 1.171 1024 1024 1.16988 -193 0 -52 1 1
10 0.00450085 0.82 1024 1024 0.819219 -77 0 -49 1 1
4 0.00268758 2.048 1024 1024 2.04605 -150 0 0 1 1
5 0.00310409 1.639 1024 1024 1.63744 6 0 -7 1 1
7 0.0037732 1.171 1024 1024 1.16988 -23 0 -46 1 1
1 0.0008912 8.192 1024 1024 8.18419 69 0 -23 1 1
8 0.00404723 1.024 1024 1024 1.02302 21 0 -18 1 1
9 0 -1e-09 0 1024 -1e-09 -183 0 -59 1 1
2 0.0016075 4.096 1024 1024 4.09209 -193 0 -14 1 1
7 0.0037732 1.171 1024 1024 1.16988 34 0 -13 1 1
3 0.0021956 2.731 1024 1024 2.7284 -223 0 -20 1 1
7 0.0037732 1.171 1024 1024 1.16988 63 0 -9 1 1
6 0.00346224 1.366 1024 1024 1.3647 -17 0 -24 1 1
5 0.00310409 1.639 1024 1024 1.63744 -249 0 -48 1 1
9 0.00428654 0.911 1024 1024 0.910132 84 0 -3 1 1
1 0.0008912 8.192 1024 1024 8.18419 -264 0 -46 1 1
1 0.0008912 8.192 1024 1024 8.18419 -210 0 -44 1 1
8 0.00404723 1.024 1024 1024 1.02302 -27 0 -37 1 1
5 0.00310409 1.639 1024 1024 1.63744 -19 0 -21 1 1
2 0.0016075 4.096 1024 1024 4.09209 -60 0 -22 1 1
9 0.00428654 0.911 1024 1024 0.910132 -188 0 -19 1 1
2 0.0016075 4.096 1024 1024 4.09209 -217 0 -52 1 1
7 0.000892851 8.175 1024 1024 8.17388 -137 0 -59 1 1
10 0.00450085 0.82 1024 1024 0.819219 -187 0 -9 1 1
9 0.00428654 0.911 1024 1024 0.910132 -203 0 -12 1 1
5 0.00310409 1.639 1024 1024 1.63744 49 0 -47 1 1
9 0.00428654 0.911 1024 1024 0.910132 82 0 -8 1 1
1 0.0008912 8.192 1024 1024 8.18419 60 0 -52 1 1
10 0.00450085 0.82 1024 1024 0.819219 -161 0 -58 1 1
6 0.00346224 1.366 1024 1024 1.3647 -132 0 -2 1 1
4 0.00268758 2.048 1024 1024 2.04605 -263 0 -43 1 1
10 0.00450085 0.82 1024 1024 0.819219 -82 0 -14 1 1
8 0.00404723 1.024 1024 1024 1.02302 4 0 -17 1 1
2 0.0016075 4.096 1024 1024 4.09209 34 0 -12 1 1
9 0.00428654 0.911 1024 1024 0.910132 18 0 0 1 1
5 0.00310409 1.639 1024 1024 1.63744 -14 0 -8 1 1
8 0.00404723 1.024 1024 1024 1.02302 31 0 -55 1 1
4 0.00268758 2.048 1024 1024 2.04605 -19 0 -12 1 1
3 0.0021956 2.731 1024 1024 2.7284 -205 0 -6 1 1
6 0.00346224 1.366 1024 1024 1.3647 -170 0 -11 1 1
1 0.0008912 8.192 1024 1024 8.18419 -111 0 -45 1 1
7 0.0037732 1.171 1024 1024 1.16988 -19 0 -52 1 1
7 0.0037732 1.171 1024 1024 1.16988 -74 0 -34 1 1
8 0.00404723 1.024 1024 1024 1.02302 55 0 -12 1 1
8 0.00404723 1.024 1024 1024 1.02302 31 0 -4 1 1
1 0.0008912 8.192 1024 1024 8.18419 82 0 -2 1 1
4 0.00268758 2.048 1024 1024 2.04605 22 0 -42 1 1
3 0.0021956 2.731 1024 1024 2.7284 -76 0 -1 1 1
1 0.0008912 8.192 1024 1024 8.18419 -136 0 -22 1 1
7 0.0037732 1.171 1024 1024 1.16988 84 0 -7 1 1
9 0.00428654 0.911 1024 1024 0.910132 -123 0 -5 1 1
5 0.00310409 1.639 1024 1024 1.63744 -47 0 -17 1 1
8 0.00404723 1.024 1024 1024 1.02302 -171 0 -34 1 1
6 0.00346224 1.366 1024 1024 1.3647 -246 0 -28 1 1
1 0.0008912 8.192 1024 1024 8.18419 -212 0 -8 1 1
2 0.0016075 4.096 1024 1024 4.09209 -159 0 -42 1 1
3 0.0021956 2.731 1024 1024 2.7284 -86 0 -32 1 1
4 0.00268758 2.048 1024 1024 2.04605 -189 0 -51 1 1
4 0.00268758 2.048 1024 1024 2.04605 42 0 -4 1 1
5 0.00310409 1.639 1024 1024 1.63744 -171 0 -47 1 1
5 0.00310409 1.639 1024 1024 1.63744 -223 0 -12 1 1
10 0.00450085 0.82 1024 1024 0.819219 -62 0 -29 1 1
6 0.00346224 1.366 1024 1024 1.3647 -180 0 -9 1 1
10 0.00450085 0.82 1024 1024 0.819219 -133 0 -46 1 1
5 0.00310409 1.639 1024 1024 1.63744 -48 0 -33 1 1
3 0.0021956 2.731 1024 1024 2.7284 -114 0 -28 1 1
1 0.0008912 8.192 1024 1024 8.18419 -174 0 -15 1 1
3 0.0021956 2.731 1024 1024 2.7284 -204 0 -16 1 1
3 0.0021956 2.731 1024 1024 2.7284 10 0 -17 1 1
10 0.00450085 0.82 1024 1024 0.819219 -188 0 -1 1 1
3 0.0021956 2.731 1024 1024 2.7284 -212 0 -34 1 1
7 0.0037732 1.171 1024 1024 1.16988 -222 0 -43 1 1
3 0.0021956 2.731 1024 1024 2.7284 -106 0 -51 1 1
8 0.00404723 1.024 1024 1024 1.02302 -41 0 -6 1 1
5 0.00310409 1.639 1024 1024 1.63744 77 0 -39 1 1
9 0.00428654 0.911 1024 1024 0.910132 -206 0 -9 1 1
4 0.00268758 2.048 1024 1024 2.04605 -48 0 -42 1 1
8 0.00404723 1.024 1024 1024 1.02302 -133 0 -12 1 1
3 0.0021956 2.731 1024 1024 2.7284 -248 0 -21 1 1
6 0.00346224 1.366 1024 1024 1.3647 26 0 -30 1 1
6 0.00346224 1.366 1024 1024 1.3647 -103 0 -10 1 1
4 0.00268758 2.048 1024 1024 2.04605 -218 0 -15 1 1
3 0.0021956 2.731 1024 1024 2.7284 -84 0 -40 1 1
2 0.0016075 4.096 1024 1024 4.09209 -79 0 -22 1 1
6 0.00346224 1.366 1024 1024 1.3647 -214 0 -36 1 1
7 0.0037732 1.171 1024 1024 1.16988 -198 0 -44 1 1
1 0.0008912 8.192 1024 1024 8.18419 -215 0 -30 1 1
5 0.00310409 1.639 1024 1024 1.63744 -210 0 -58 1 1
3 0.0021956 2.731 1024 1024 2.7284 -98 0 -51 1 1
1 0.0008912 8.192 1024 1024 8.18419 -156 0 -6 1 1
4 0.00268758 2.048 1024 1024 2.04605 -8 0 -44 1 1
7 0.0037732 1.171 1024 1024 1.16988 24 0 -26 1 1
2 0.0016075 4.096 1024 1024 4.09209 -152 0 -21 1 1
1 0.0008912 8.192 1024 1024 8.18419 -96 0 -57 1 1
8 0.00404723 1.024 1024 1024 1.02302 -57 0 -1 1 1
7 0.0037732 1.171 1024 1024 1.16988 31 0 -11 1 1
8 0.00404723 1.024 1024 1024 1.02302 28 0 -48 1 1
3 0.0021956 2.731 1024 1024 2.7284 -256 0 -30 1 1
4 0.00268758 2.048 1024 1024 2.04605 -224 0 -37 1 1
4 0.00268758 2.048 1024 1024 2.04605 -214 0 -9 1 1
4 0.00268758 2.048 1024 1024 2.04605 -181 0 -5 1 1
5 0.00310409 1.639 1024 1024 1.63744 36 0 -33 1 1
5 0.00310409 1.639 1024 1024 1.63744 -184 0 -21 1 1
5 0.00310409 1.639 1024 1024 1.63744 -234 0 -52 1 1
9 0.00428654 0.911 1024 1024 0.910132 -182 0 -24 1 1
6 0.00346224 1.366 1024 1024 1.3647 -204 0 -30 1 1
2 0.0016075 4.096 1024 1024 4.09209 -157 0 -19 1 1
5 0.00310409 1.639 1024 1024 1.63744 -170 0 -37 1 1
3 0.0021956 2.731 1024 1024 2.7284 -244 0 -27 1 1
5 0.00310409 1.639 1024 1024 1.63744 -30 0 -29 1 1
3 0.0021956 2.731 1024 1024 2.7284 -192 0 0 1 1
7 0.0037732 1.171 1024 1024 1.16988 -22 0 -9 1 1
9 0.00428654 0.911 1024 1024 0.910132 -183 0 -54 1 1
8 0.00404723 1.024 1024 1024 1.02302 -226 0 -3 1 1
10 0.00450085 0.82 1024 1024 0.819219 -104 0 -49 1 1
9 0.00428654 0.911 1024 1024 0.910132 -168 0 -5 1 1
3 0.0021956 2.731 1024 1024 2.7284 -242 0 -23 1 1
2 0.0016075 4.096 1024 1024 4.09209 -22 0 -47 1 1
4 0.00268758 2.048 1024 1024 2.04605 -257 0 -36 1 1
10 0.00450085 0.82 1024 1024 0.819219 -75 0 -51 1 1
8 0.00404723 1.024 1024 1024 1.02302 53 0 -17 1 1
10 0.00450085 0.82 1024 1024 0.819219 78 0 -4 1 1
5 0.00310409 1.639 1024 1024 1.63744 -15 0 -20 1 1
8 0.00404723 1.024 1024 1024 1.02302 5 0 -12 1 1
4 0.00268758 2.048 1024 1024 2.04605 -117 0 0 1 1
9 0.00428654 0.911 1024 1024 0.910132 -129 0 -5 1 1
1 0.0008912 8.192 1024 1024 8.18419 -123 0 -3 1 1
7 0.0037732 1.171 1024 1024 1.16988 -205 0 -31 1 1
9 0.00428654 0.911 1024 1024 0.910132 -190 0 -13 1 1
3 0.0021956 2.731 1024 1024 2.7284 -159 0 -19 1 1
1 0.0008912 8.192 1024 1024 8.18419 -129 0 -58 1 1
6 0.00346224 1.366 1024 1024 1.3647 -152 0 -38 1 1
2 0.0016075 4.096 1024 1024 4.09209 0 0 -50 1 1
