32 0.36513 1.064 94208 1024 1.04154 -222 91 -12 16 8
86 0.156172 0.049 20480 1024 0.0471831 -101 19 -32 14 0
21 0.125713 1.02 31744 1024 1.00847 -53 30 -18 5 14
40 0.0245135 1.005 6144 1024 1.00383 -239 5 -52 3 11
61 0.156321 0.048 20480 1024 0.0454385 -170 19 -22 18 1
81 0.199974 0.065 26624 1024 0.0624923 -27 25 -24 12 15
96 0.193693 1.03 49152 1024 1.02609 -74 47 -49 0 8
98 0.372663 0.121 52224 1024 0.116934 -98 50 -27 19 7
85 0.494964 0.175 72704 1024 0.168474 -281 70 -50 18 19
96 0.109492 1.02 27648 1024 1.0178 -91 26 -44 3 4
