8 0.00404523 1.025 1024 1024 1.02402 21 0 -15 1 1
9 0.00428654 0.911 1024 1024 0.910132 -11 0 -11 1 1
6 0.00346224 1.366 1024 1024 1.3647 31 0 -5 1 1
2 0.00160719 4.097 1024 1024 4.09309 -235 0 -10 1 1
7 0.0037732 1.171 1024 1024 1.16988 -255 0 -21 1 1
5 0.00310409 1.639 1024 1024 1.63744 -44 0 -22 1 1
6 0.00346224 1.366 1024 1024 1.3647 -151 0 -36 1 1
6 0.00346224 1.366 1024 1024 1.3647 -10 0 -56 1 1
2 0.00160719 4.097 1024 1024 4.09309 -213 0 -23 1 1
2 0.00160719 4.097 1024 1024 4.09309 -184 0 -32 1 1
1 0.000891103 8.193 1024 1024 8.18519 1 0 -18 1 1
9 0.00428654 0.911 1024 1024 0.910132 -170 0 -3 1 1
7 0.0037732 1.171 1024 1024 1.16988 6 0 -26 1 1
3 0.0021956 2.731 1024 1024 2.7284 -138 0 -1 1 1
7 0.0037732 1.171 1024 1024 1.16988 -119 0 -49 1 1
6 0.00346224 1.366 1024 1024 1.3647 45 0 -12 1 1
5 0.00310409 1.639 1024 1024 1.63744 -177 0 -38 1 1
10 0.00450085 0.82 1024 1024 0.819219 -160 0 -17 1 1
9 0.00428654 0.911 1024 1024 0.910132 -65 0 -21 1 1
3 0.0021956 2.731 1024 1024 2.7284 6 0 -28 1 1
3 0.0021956 2.731 1024 1024 2.7284 36 0 -19 1 1
6 0.00346224 1.366 1024 1024 1.3647 78 0 -24 1 1
7 0.0037732 1.171 1024 1024 1.16988 77 0 -32 1 1
9 0.00428654 0.911 1024 1024 0.910132 -246 0 -1 1 1
7 0.0037732 1.171 1024 1024 1.16988 -10 0 -2 1 1
7 0.0037732 1.171 1024 1024 1.16988 -230 0 -15 1 1
6 0.00346224 1.366 1024 1024 1.3647 -6 0 -25 1 1
3 0.0021956 2.731 1024 1024 2.7284 -135 0 -19 1 1
5 0.00310409 1.639 1024 1024 1.63744 -248 0 -34 1 1
8 0.00404523 1.025 1024 1024 1.02402 -148 0 -22 1 1
2 0.00160719 4.097 1024 1024 4.09309 -204 0 -26 1 1
6 0.00346224 1.366 1024 1024 1.3647 3 0 -39 1 1
5 0.00310409 1.639 1024 1024 1.63744 -64 0 -21 1 1
4 0.00268669 2.049 1024 1024 2.04705 61 0 -40 1 1
1 0.000891103 8.193 1024 1024 8.18519 33 0 -8 1 1
6 0.00346224 1.366 1024 1024 1.3647 -118 0 -22 1 1
4 0.00268669 2.049 1024 1024 2.04705 -19 0 -21 1 1
4 0.00268669 2.049 1024 1024 2.04705 -13 0 -40 1 1
10 0.00450085 0.82 1024 1024 0.819219 -96 0 -44 1 1
8 0.00404523 1.025 1024 1024 1.02402 -46 0 -16 1 1
7 0.0037732 1.171 1024 1024 1.16988 52 0 -43 1 1
5 0.00310409 1.639 1024 1024 1.63744 14 0 -9 1 1
9 0.00428654 0.911 1024 1024 0.910132 80 0 -54 1 1
9 0.00428654 0.911 1024 1024 0.910132 -39 0 -3 1 1
8 0.00404523 1.025 1024 1024 1.02402 65 0 -1 1 1
9 0.00428654 0.911 1024 1024 0.910132 -64 0 -20 1 1
9 0.00428654 0.911 1024 1024 0.910132 -27 0 -29 1 1
8 0.00404523 1.025 1024 1024 1.02402 52 0 -8 1 1
6 0.00346224 1.366 1024 1024 1.3647 39 0 -15 1 1
4 0.00268669 2.049 1024 1024 2.04705 -234 0 -11 1 1
5 0.00310409 1.639 1024 1024 1.63744 -208 0 -1 1 1
8 0.00404523 1.025 1024 1024 1.02402 -207 0 -33 1 1
3 0.0021956 2.731 1024 1024 2.7284 64 0 -34 1 1
2 0.00160719 4.097 1024 1024 4.09309 -137 0 -52 1 1
2 0.00160719 4.097 1024 1024 4.09309 -104 0 -31 1 1
1 0.000891103 8.193 1024 1024 8.18519 -249 0 -28 1 1
1 0.000891103 8.193 1024 1024 8.18519 -253 0 -7 1 1
7 0.0037732 1.171 1024 1024 1.16988 72 0 -43 1 1
6 0.00346224 1.366 1024 1024 1.3647 -135 0 -22 1 1
7 0.0037732 1.171 1024 1024 1.16988 43 0 -12 1 1
5 0.00310409 1.639 1024 1024 1.63744 -129 0 -10 1 1
5 0.00310409 1.639 1024 1024 1.63744 -205 0 -47 1 1
4 0.00268669 2.049 1024 1024 2.04705 -229 0 -35 1 1
2 0.00160719 4.097 1024 1024 4.09309 -205 0 -45 1 1
10 0.00450085 0.82 1024 1024 0.819219 -262 0 -44 1 1
10 0.00450085 0.82 1024 1024 0.819219 -177 0 -55 1 1
9 0.00428654 0.911 1024 1024 0.910132 -100 0 -26 1 1
2 0.00160719 4.097 1024 1024 4.09309 -181 0 -34 1 1
1 0.000891103 8.193 1024 1024 8.18519 -7 0 -26 1 1
4 0.00268669 2.049 1024 1024 2.04705 -43 0 -14 1 1
6 0.00346224 1.366 1024 1024 1.3647 -71 0 -18 1 1
7 0.0037732 1.171 1024 1024 1.16988 27 0 -28 1 1
10 0.00450085 0.82 1024 1024 0.819219 -222 0 -35 1 1
9 0.00428654 0.911 1024 1024 0.910132 7 0 0 1 1
3 0.0021956 2.731 1024 1024 2.7284 -117 0 -7 1 1
1 0.000891103 8.193 1024 1024 8.18519 -183 0 -26 1 1
5 0.00310409 1.639 1024 1024 1.63744 38 0 -20 1 1
5 0.00310409 1.639 1024 1024 1.63744 4 0 -59 1 1
6 0.00346224 1.366 1024 1024 1.3647 -227 0 -29 1 1
2 0.00160719 4.097 1024 1024 4.09309 -19 0 -41 1 1
7 0.0037732 1.171 1024 1024 1.16988 -98 0 -41 1 1
9 0.00428654 0.911 1024 1024 0.910132 -243 0 -54 1 1
1 0.000891103 8.193 1024 1024 8.18519 -143 0 -11 1 1
10 0.00450085 0.82 1024 1024 0.819219 61 0 -42 1 1
1 0.000891103 8.193 1024 1024 8.18519 -24 0 -4 1 1
10 0.00450085 0.82 1024 1024 0.819219 -265 0 -16 1 1
8 0.00404523 1.025 1024 1024 1.02402 53 0 -46 1 1
2 0.00160719 4.097 1024 1024 4.09309 71 0 -1 1 1
4 0.00268669 2.049 1024 1024 2.04705 -132 0 -47 1 1
9 0.00428654 0.911 1024 1024 0.910132 -243 0 -32 1 1
7 0.0037732 1.171 1024 1024 1.16988 -245 0 -50 1 1
8 0.00404523 1.025 1024 1024 1.02402 -235 0 -15 1 1
5 0.00310409 1.639 1024 1024 1.63744 19 0 -19 1 1
3 0.0021956 2.731 1024 1024 2.7284 -118 0 -43 1 1
3 0.0021956 2.731 1024 1024 2.7284 -172 0 -21 1 1
2 0.00160719 4.097 1024 1024 4.09309 16 0 -53 1 1
5 0.00310409 1.639 1024 1024 1.63744 -2 0 -45 1 1
8 0.00404523 1.025 1024 1024 1.02402 -159 0 -4 1 1
3 0.0021956 2.731 1024 1024 2.7284 -196 0 -3 1 1
6 0.00346224 1.366 1024 1024 1.3647 -48 0 -41 1 1
10 0.00450085 0.82 1024 1024 0.819219 90 0 -39 1 1
7 0.0037732 1.171 1024 1024 1.16988 -224 0 -33 1 1
9 0.00428654 0.911 1024 1024 0.910132 -256 0 -58 1 1
10 0.00450085 0.82 1024 1024 0.819219 -254 0 -19 1 1
7 0.0037732 1.171 1024 1024 1.16988 -146 0 -53 1 1
4 0.00268669 2.049 1024 1024 2.04705 -139 0 -23 1 1
10 0.00450085 0.82 1024 1024 0.819219 -56 0 -5 1 1
8 0.00404523 1.025 1024 1024 1.02402 -136 0 -54 1 1
10 0.00450085 0.82 1024 1024 0.819219 -3 0 -28 1 1
5 0.00310409 1.639 1024 1024 1.63744 -211 0 -25 1 1
1 0.000891103 8.193 1024 1024 8.18519 74 0 -34 1 1
1 0.000891103 8.193 1024 1024 8.18519 36 0 -30 1 1
1 0.000891103 8.193 1024 1024 8.18519 -233 0 -7 1 1
2 0.00160719 4.097 1024 1024 4.09309 -112 0 -13 1 1
9 0.00428654 0.911 1024 1024 0.910132 -229 0 -20 1 1
5 0.00310409 1.639 1024 1024 1.63744 -45 0 -17 1 1
9 0.00428654 0.911 1024 1024 0.910132 -195 0 -44 1 1
6 0.00346224 1.366 1024 1024 1.3647 -31 0 -53 1 1
10 0.00450085 0.82 1024 1024 0.819219 -237 0 -58 1 1
7 0.0037732 1.171 1024 1024 1.16988 -118 0 -10 1 1
7 0.0037732 1.171 1024 1024 1.16988 -39 0 -36 1 1
5 0.00310409 1.639 1024 1024 1.63744 -19 0 -37 1 1
7 0.0037732 1.171 1024 1024 1.16988 -20 0 -14 1 1
6 0.00346224 1.366 1024 1024 1.3647 7 0 -42 1 1
9 0.00428654 0.911 1024 1024 0.910132 -168 0 -14 1 1
10 0.00450085 0.82 1024 1024 0.819219 31 0 -4 1 1
3 0.0021956 2.731 1024 1024 2.7284 -264 0 -31 1 1
6 0.00346224 1.366 1024 1024 1.3647 -11 0 -20 1 1
8 0.00404523 1.025 1024 1024 1.02402 -78 0 -2 1 1
1 0.000891103 8.193 1024 1024 8.18519 -1 0 -54 1 1
9 0.00428654 0.911 1024 1024 0.910132 22 0 -28 1 1
3 0.0021956 2.731 1024 1024 2.7284 80 0 -4 1 1
4 0.00268669 2.049 1024 1024 2.04705 12 0 -11 1 1
6 0.00346224 1.366 1024 1024 1.3647 -157 0 -54 1 1
4 0.00268669 2.049 1024 1024 2.04705 -115 0 -59 1 1
1 0.000891103 8.193 1024 1024 8.18519 -49 0 -20 1 1
8 0.00404523 1.025 1024 1024 1.02402 -232 0 -30 1 1
10 0.00450085 0.82 1024 1024 0.819219 6 0 -7 1 1
7 0.0037732 1.171 1024 1024 1.16988 -185 0 -18 1 1
9 0.00428654 0.911 1024 1024 0.910132 -172 0 -21 1 1
2 0.00160719 4.097 1024 1024 4.09309 -2 0 -23 1 1
3 0.0021956 2.731 1024 1024 2.7284 -48 0 -8 1 1
3 0.0021956 2.731 1024 1024 2.7284 -98 0 -47 1 1
6 0.00346224 1.366 1024 1024 1.3647 -157 0 -14 1 1
1 0.000891103 8.193 1024 1024 8.18519 -194 0 -4 1 1
4 0.00268669 2.049 1024 1024 2.04705 19 0 -59 1 1
6 0.00346224 1.366 1024 1024 1.3647 21 0 -29 1 1
6 0.00346224 1.366 1024 1024 1.3647 -200 0 -6 1 1
6 0.00346224 1.366 1024 1024 1.3647 61 0 -28 1 1
4 0.00268669 2.049 1024 1024 2.04705 -187 0 -9 1 1
3 0.0021956 2.731 1024 1024 2.7284 -258 0 -5 1 1
1 0.000891103 8.193 1024 1024 8.18519 79 0 -39 1 1
7 0.0037732 1.171 1024 1024 1.16988 -13 0 -2 1 1
5 0.00310409 1.639 1024 1024 1.63744 37 0 -29 1 1
7 0.0037732 1.171 1024 1024 1.16988 -201 0 -40 1 1
9 0.00428654 0.911 1024 1024 0.910132 -248 0 -14 1 1
8 0.00404523 1.025 1024 1024 1.02402 48 0 -25 1 1
7 0.0037732 1.171 1024 1024 1.16988 55 0 -10 1 1
4 0.00268669 2.049 1024 1024 2.04705 -37 0 -1 1 1
7 0.0037732 1.171 1024 1024 1.16988 -10 0 -5 1 1
3 0.0021956 2.731 1024 1024 2.7284 83 0 -3 1 1
7 0.0037732 1.171 1024 1024 1.16988 -242 0 -27 1 1
8 0.00404523 1.025 1024 1024 1.02402 -89 0 -22 1 1
7 0.0037732 1.171 1024 1024 1.16988 -58 0 -45 1 1
5 0.00310409 1.639 1024 1024 1.63744 -220 0 -23 1 1
4 0.00268669 2.049 1024 1024 2.04705 65 0 -11 1 1
2 0.00160719 4.097 1024 1024 4.09309 18 0 -56 1 1
1 0.000891103 8.193 1024 1024 8.18519 -92 0 -49 1 1
3 0.0021956 2.731 1024 1024 2.7284 -142 0 -3 1 1
1 0.000891103 8.193 1024 1024 8.18519 -52 0 -58 1 1
1 0.000891103 8.193 1024 1024 8.18519 17 0 -29 1 1
7 0.0037732 1.171 1024 1024 1.16988 24 0 -26 1 1
7 0.0037732 1.171 1024 1024 1.16988 -252 0 -51 1 1
3 0.0021956 2.731 1024 1024 2.7284 -24 0 -31 1 1
3 0.0021956 2.731 1024 1024 2.7284 10 0 -15 1 1
6 0.00346224 1.366 1024 1024 1.3647 -214 0 -35 1 1
5 0.00310409 1.639 1024 1024 1.63744 -120 0 -10 1 1
4 0.00268669 2.049 1024 1024 2.04705 82 0 -46 1 1
8 0.00404523 1.025 1024 1024 1.02402 -226 0 -55 1 1
4 0.00268669 2.049 1024 1024 2.04705 -111 0 -23 1 1
4 0.00268669 2.049 1024 1024 2.04705 -36 0 -10 1 1
1 0.000891103 8.193 1024 1024 8.18519 -123 0 -27 1 1
8 0.00404523 1.025 1024 1024 1.02402 -72 0 -25 1 1
6 0.00346224 1.366 1024 1024 1.3647 -150 0 -23 1 1
5 0.00310409 1.639 1024 1024 1.63744 -3 0 -41 1 1
10 0.00450085 0.82 1024 1024 0.819219 62 0 -27 1 1
1 0.000891103 8.193 1024 1024 8.18519 -224 0 -26 1 1
2 0.00160719 4.097 1024 1024 4.09309 -191 0 -14 1 1
1 0.000891103 8.193 1024 1024 8.18519 74 0 -26 1 1
6 0.00346224 1.366 1024 1024 1.3647 -23 0 -23 1 1
4 0.00268669 2.049 1024 1024 2.04705 -258 0 -42 1 1
1 0.000891103 8.193 1024 1024 8.18519 -147 0 -41 1 1
9 0.00428654 0.911 1024 1024 0.910132 -112 0 -24 1 1
9 0.00428654 0.911 1024 1024 0.910132 -193 0 -27 1 1
5 0.00310409 1.639 1024 1024 1.63744 -195 0 -1 1 1
9 0.00428654 0.911 1024 1024 0.910132 -105 0 -55 1 1
3 0.0021956 2.731 1024 1024 2.7284 -171 0 -31 1 1
4 0.00268669 2.049 1024 1024 2.04705 -144 0 -47 1 1
3 0.0021956 2.731 1024 1024 2.7284 -232 0 -47 1 1
